[-29.625904  -27.71725    13.559527   29.822563   -6.304016   10.328564
  29.481833   29.835033   26.246902  -29.7317     29.858845   -5.9300537
 -29.06011    -1.436425   12.776976  -29.805851  -29.305002  -27.452415
  -6.709589   16.04173    29.842236   -9.216194    9.641258   28.471725
 -29.920967   29.781908  -29.855011   29.462986   29.46439   -26.005507
 -25.738356  -26.316807   28.605328  -29.868063  -29.047686   29.582626
  22.372967  -15.895133   18.398127   27.6593    -29.761782  -29.953987
 -24.224075   29.69473    27.16698    26.893116  -29.934076   25.456573
  22.611744  -24.43737    29.77557   -16.360828  -29.94606   -27.227629
  -3.4245398 -29.807182   27.758364  -29.332867   26.13764     0.8946513
 -29.688745  -29.129227  -29.128744   28.69888   -29.773245   29.009897
 -29.738281    0.13816    29.712496   29.888039   28.698734   25.59915
 -26.551464   -8.142394  -28.46288   -17.861414  -29.699318  -29.615225
 -28.843687  -29.504599  -29.947401   19.09598    29.316631  -29.894073
 -29.944738  -16.871172  -13.942896   29.31048   -28.285774   29.776197
 -29.831823   29.6449    -12.865663  -15.098981  -29.828289  -29.806335
 -29.950857   28.28751   -19.671698   -2.5966384]
Namespace(hidden_layer=100, learning_rate=30.0, optimizer='adagrad', train_steps=30)
{'accuracy': 0.5777778, 'accuracy_baseline': 0.5555556, 'auc': 0.61999995, 'auc_precision_recall': 0.8311111, 'average_loss': 7031.753, 'label/mean': 0.5555556, 'loss': 316428.88, 'prediction/mean': 0.13333334, 'global_step': 1}
[ 3.7261391e-01  2.2825089e+00  4.3559528e+01  5.9822548e+01
 -3.6304012e+01 -1.9671434e+01  5.9481831e+01 -1.6495895e-01
 -3.7530975e+00 -5.9731598e+01  5.9858833e+01 -3.5930054e+01
  9.3985176e-01 -3.1436419e+01 -1.7223024e+01  1.9361877e-01
  6.9453812e-01  2.5475101e+00 -3.6709587e+01 -1.3958269e+01
  5.9842224e+01  2.0783785e+01  3.9641254e+01 -1.5282707e+00
 -5.9919846e+01 -2.1808243e-01  1.4401627e-01  5.9462978e+01
 -5.3560066e-01 -5.6005501e+01 -5.5738346e+01 -5.6316803e+01
  5.8605324e+01  1.3094902e-01 -5.9047630e+01  5.9582615e+01
 -7.6270332e+00 -4.5894962e+01 -1.1601873e+01  5.7659298e+01
  2.3788834e-01  4.1389465e-02 -5.4224068e+01  5.9694725e+01
 -2.8330173e+00 -3.1068821e+00  6.5494537e-02  5.5456573e+01
 -7.3882523e+00 -5.4437355e+01 -2.2442436e-01 -1.6360828e+01
  5.3041458e-02  2.7722950e+00 -3.3424538e+01  1.9258499e-01
 -2.2416363e+00  6.6700935e-01  5.6137638e+01 -2.9105349e+01
  3.1104851e-01  8.4604454e-01  8.7121582e-01 -1.3011169e+00
 -5.9772659e+01 -9.9009895e-01  2.6075172e-01 -2.9861839e+01
 -2.8749084e-01  5.9888016e+01  5.8698730e+01 -4.4008484e+00
 -5.6551456e+01 -3.8142391e+01 -5.8462852e+01 -4.7861416e+01
  3.0060959e-01  3.8415718e-01 -5.8843658e+01  4.7523499e-01
  5.0699234e-02 -1.0904022e+01 -6.8336487e-01  1.0461044e-01
  3.6874771e-02  1.3128815e+01 -4.3942894e+01 -6.8951607e-01
 -5.8285759e+01  5.9776192e+01  1.6739464e-01 -3.5508728e-01
 -4.2865665e+01 -4.5098984e+01 -5.9825981e+01  1.9342804e-01
  4.4857025e-02 -1.7124901e+00  1.0328299e+01 -3.2596638e+01]
Namespace(hidden_layer=100, learning_rate=30.0, optimizer='adagrad', train_steps=30)
{'accuracy': 0.5555556, 'accuracy_baseline': 0.5555556, 'auc': 0.49999994, 'auc_precision_recall': 0.77777773, 'average_loss': 309625.34, 'label/mean': 0.5555556, 'loss': 13933141.0, 'prediction/mean': 1.0, 'global_step': 2}
[-29.617548   -27.70961     14.13522     31.128298   -36.389545
 -19.671434    30.804852    -0.1633977   -3.755266   -59.731598
  31.343575   -35.930054   -28.986084   -31.436419   -17.223495
 -29.774246   -29.296125   -27.439245   -36.68785    -13.965083
  31.182014    -9.207552    11.015873    -1.5740461  -59.939045
  -0.1773203  -29.837196    30.740715    -0.54842377 -56.0055
 -55.738346   -56.31484     29.550837   -29.849533   -59.04763
  30.397669    -7.627033   -45.894962   -11.617768    29.13848
 -29.732077   -29.945822   -54.224068    30.965654    -2.8324618
  -3.121676   -29.852161    26.633102    -7.391485   -54.724712
  -0.21323824 -46.360817   -29.894428   -27.215956   -33.424538
 -29.74708     -2.3061678  -29.303318    27.35662    -29.105349
 -29.653006   -29.153532   -29.06252     -1.3532927  -61.962154
  -0.9544438  -29.729336   -29.86794     -0.3607867   30.925882
  29.56905     -4.450208   -56.551456   -38.14239    -58.46817
 -47.861416   -29.596659   -29.602135   -59.731556   -29.523916
 -29.923021   -10.929505    -2.7168357  -29.875664   -29.957436
 -16.84613    -43.948658    -0.6506044  -58.297356    31.124199
 -29.813177    -0.7566197  -42.89153    -45.111614   -59.82598
 -29.755836   -29.93978     -1.7064111  -19.548843   -32.526386  ]
Namespace(hidden_layer=100, learning_rate=30.0, optimizer='adagrad', train_steps=30)
{'accuracy': 0.53333336, 'accuracy_baseline': 0.5555556, 'auc': 0.48000002, 'auc_precision_recall': 0.76383835, 'average_loss': 8078.245, 'label/mean': 0.5555556, 'loss': 363521.03, 'prediction/mean': 0.9777778, 'global_step': 3}
[-30.934004   -29.189219    13.30378     28.388918   -36.389545
 -19.671434    25.21542      0.4517803   -3.7561026  -59.731598
  22.838161   -35.930054   -34.24651    -31.436419   -17.223495
 -33.03694    -30.79126    -27.736345   -34.611202   -13.970167
  24.717659    -9.207552     6.9449973   -1.5961182  -59.25688
   1.1153889  -32.180923    27.600222    -0.5523387  -56.0055
 -55.738346   -56.282524    27.667223   -31.162106   -59.04763
  28.555382    -7.627033   -45.894962   -11.633164    22.207235
 -30.84968    -31.377115   -54.224068    27.516663    -2.808572
  -3.1149652  -37.176666    23.713428    -7.38897    -54.724712
  -0.09783336 -46.360817   -33.70827    -27.368559   -33.424538
 -34.412872    -2.3669698  -32.25336     23.370686   -29.105349
 -32.86512    -29.63903    -35.27388     -1.3942423  -61.962154
   0.14732373 -30.269032   -29.86794     -0.43292534  28.883093
  27.809475    -4.4980397  -56.551456   -38.14239    -58.46817
 -47.861416   -37.219772   -30.8102     -59.731556   -30.255669
 -33.27593    -10.929505    -2.7168357  -31.505054   -30.074068
 -17.426708   -43.83491      0.13640004 -58.283802    26.221193
 -31.813559    -0.8848896  -42.89153    -45.113697   -59.82598
 -35.1189     -31.855988    -1.4085295  -19.781673   -28.3946    ]
Namespace(hidden_layer=100, learning_rate=30.0, optimizer='adagrad', train_steps=30)
{'accuracy': 0.64444447, 'accuracy_baseline': 0.5555556, 'auc': 0.61499995, 'auc_precision_recall': 0.78761905, 'average_loss': 1842.3694, 'label/mean': 0.5555556, 'loss': 82906.625, 'prediction/mean': 0.7777778, 'global_step': 4}
[-30.934004   -29.427855    12.6718      26.872179   -36.389545
 -19.671434    23.06424      0.6565736   -3.7556221  -59.731598
  20.67351    -35.930054   -34.800777   -31.436419   -17.223495
 -33.7648     -30.79126    -27.736345   -34.611202   -13.973585
  22.466839    -9.207552     5.994678    -1.6175551  -59.25688
   1.6838043  -32.533836    25.755474    -0.5544302  -56.0055
 -55.738346   -56.282524    26.507936   -31.92123    -59.04763
  27.351923    -7.627033   -45.894962   -11.64817     20.354797
 -31.072163   -32.000134   -54.224068    25.154598    -2.808572
  -3.1043491  -38.240986    21.772303    -7.385886   -54.724712
  -0.07748146 -46.360817   -34.19391    -27.521105   -33.424538
 -35.30158     -2.3960636  -33.048725    21.524643   -29.105349
 -33.502552   -29.410978   -35.86653     -1.4125801  -61.962154
   1.0895716  -30.576328   -29.86794     -0.5044539   27.660238
  26.451542    -4.5447545  -56.551456   -38.14239    -58.46817
 -47.861416   -37.898365   -30.88414    -59.731556   -29.535473
 -34.14802    -10.929505    -2.7168357  -31.904156   -29.95745
 -17.747967   -43.83491      0.90071166 -58.283802    23.750797
 -32.03775     -0.8848896  -42.89153    -45.11354    -59.82598
 -36.025654   -32.019733    -1.4453151  -20.014072   -25.396242  ]
Namespace(hidden_layer=100, learning_rate=30.0, optimizer='adagrad', train_steps=30)
{'accuracy': 0.6888889, 'accuracy_baseline': 0.5555556, 'auc': 0.66499996, 'auc_precision_recall': 0.8066667, 'average_loss': 1393.7697, 'label/mean': 0.5555556, 'loss': 62719.633, 'prediction/mean': 0.7333241, 'global_step': 5}
[-30.828506   -29.47533     12.108222    25.827356   -36.389545
 -19.671434    21.652294     0.7596762   -3.7538302  -59.731598
  19.271238   -35.930054   -35.00758    -31.436419   -17.223495
 -33.986744   -30.711329   -27.736345   -35.065742   -13.975385
  21.20456     -9.207552     5.3851423   -1.6384621  -59.25688
   2.1088326  -32.6042      24.636282    -0.55472255 -56.0055
 -55.738346   -56.282524    25.634937   -32.14737    -59.04763
  26.610592    -7.627033   -45.894962   -11.662891    19.151941
 -31.072163   -32.155193   -54.224068    23.853401    -2.808572
  -3.0880547  -38.551117    20.678354    -7.3813667  -54.724712
  -0.07748146 -46.360817   -34.263187   -27.597357   -33.424538
 -35.476154    -2.4242644  -33.190742    20.242949   -29.105349
 -33.8556     -29.336348   -36.12861     -1.4289999  -61.962154
   1.9127871  -30.653034   -29.86794     -0.5044539   26.535948
  25.468224    -4.5907464  -56.551456   -38.14239    -58.46817
 -47.861416   -38.14382    -30.88414    -59.731556   -29.207342
 -34.437344   -10.929505    -2.7168357  -31.904156   -29.840767
 -17.812151   -43.83491      1.2996083  -58.283802    22.320454
 -32.03775     -0.8848896  -42.89153    -45.11119    -59.82598
 -36.28275    -32.10158     -1.4818639  -20.168827   -21.768526  ]
Namespace(hidden_layer=100, learning_rate=30.0, optimizer='adagrad', train_steps=30)
{'accuracy': 0.7111111, 'accuracy_baseline': 0.5555556, 'auc': 0.7, 'auc_precision_recall': 0.8126985, 'average_loss': 1257.6592, 'label/mean': 0.5555556, 'loss': 56594.664, 'prediction/mean': 0.62222224, 'global_step': 6}
[-30.828506   -29.52275     11.549087    25.016222   -36.389545
 -19.671434    20.698435     0.91243243  -3.7507236  -59.731598
  18.243258   -35.930054   -35.076412   -31.436419   -17.223495
 -34.042076   -30.711329   -27.736345   -35.065742   -13.975597
  20.39159     -9.207552     4.843981    -1.6589408  -59.25688
   2.535496   -32.674545    23.735598    -0.55322886 -56.0055
 -55.738346   -56.282524    24.905155   -32.2226     -59.04763
  25.883554    -7.627033   -45.894962   -11.67743     18.27004
 -31.072163   -32.23265    -54.224068    22.781538    -2.808572
  -3.0659256  -38.613052    19.729475    -7.375386   -54.724712
  -0.07748146 -46.360817   -34.332455   -27.6736     -33.424538
 -35.476154    -2.4517603  -33.261642    19.30703    -29.105349
 -33.99661    -29.302216   -36.194035    -1.443638   -61.962154
   2.6105692  -30.729685   -29.86794     -0.5044539   25.72421
  24.636206    -4.5907464  -56.551456   -38.14239    -58.46817
 -47.861416   -38.20512    -30.88414    -59.731556   -29.025023
 -34.581783   -10.929505    -2.7168357  -31.904156   -29.840767
 -17.87632    -43.83491      1.7016978  -58.283802    21.358042
 -32.03775     -0.8848896  -42.89153    -45.10664    -59.82598
 -36.34692    -32.183426    -1.4818639  -20.323463   -20.50729   ]
Namespace(hidden_layer=100, learning_rate=30.0, optimizer='adagrad', train_steps=30)
{'accuracy': 0.73333335, 'accuracy_baseline': 0.5555556, 'auc': 0.7249999, 'auc_precision_recall': 0.82592595, 'average_loss': 1196.0264, 'label/mean': 0.5555556, 'loss': 53821.188, 'prediction/mean': 0.6, 'global_step': 7}
[-30.828506   -29.570127    11.055513    24.21344    -36.389545
 -19.671434    19.814177     1.0653324   -3.7507236  -59.731598
  17.46176    -35.930054   -35.076412   -31.436419   -17.223495
 -34.042076   -30.711329   -27.736345   -35.065742   -13.975597
  19.708376    -9.207552     4.4384384   -1.6589408  -59.25688
   2.9625382  -32.674545    22.841835    -0.55322886 -56.0055
 -55.738346   -56.282524    24.183098   -32.2226     -59.04763
  25.228874    -7.627033   -45.894962   -11.67743     17.642317
 -31.072163   -32.23265    -54.224068    21.930817    -2.808572
  -3.0518236  -38.674984    18.854532    -7.375386   -54.724712
  -0.07748146 -46.360817   -34.332455   -27.6736     -33.424538
 -35.476154    -2.4517603  -33.332527    18.510366   -29.105349
 -34.067078   -29.279173   -36.259457    -1.443638   -61.962154
   3.3120418  -30.806282   -29.86794     -0.5044539   24.923218
  23.881329    -4.5907464  -56.551456   -38.14239    -58.46817
 -47.861416   -38.26641    -30.88414    -59.731556   -28.918215
 -34.726166   -10.929505    -2.7168357  -31.904156   -29.840767
 -17.940474   -43.83491      2.0041823  -58.283802    20.40494
 -32.03775     -0.8848896  -42.89153    -45.099842   -59.82598
 -36.411083   -32.26525     -1.4818639  -20.47802    -19.871431  ]
Namespace(hidden_layer=100, learning_rate=30.0, optimizer='adagrad', train_steps=30)
{'accuracy': 0.75555557, 'accuracy_baseline': 0.5555556, 'auc': 0.7449999, 'auc_precision_recall': 0.8373219, 'average_loss': 1134.0684, 'label/mean': 0.5555556, 'loss': 51033.08, 'prediction/mean': 0.5784248, 'global_step': 8}
[-30.828506   -29.617464    10.564889    23.41801    -36.389545
 -19.671434    19.060394     1.2184055   -3.7507236  -59.731598
  16.7438     -35.930054   -35.076412   -31.436419   -17.223495
 -34.042076   -30.711329   -27.736345   -35.065742   -13.975597
  19.09077     -9.207552     4.1006775   -1.6589408  -59.25688
   3.3900447  -32.674545    22.02199     -0.55322886 -56.0055
 -55.738346   -56.282524    23.467854   -32.2226     -59.04763
  24.584835    -7.627033   -45.894962   -11.67743     17.016304
 -31.072163   -32.23265    -54.224068    21.15589     -2.808572
  -3.0358534  -38.674984    18.051344    -7.375386   -54.724712
  -0.07748146 -46.360817   -34.332455   -27.6736     -33.424538
 -35.476154    -2.4517603  -33.403397    17.850218   -29.105349
 -34.13752    -29.267523   -36.324875    -1.443638   -61.962154
   4.1560354  -30.88283    -29.86794     -0.5044539   24.131783
  23.132954    -4.5907464  -56.551456   -38.14239    -58.46817
 -47.861416   -38.327698   -30.88414    -59.731556   -28.810368
 -34.798332   -10.929505    -2.7168357  -31.904156   -29.840767
 -18.004614   -43.83491      2.3070445  -58.283802    19.58557
 -32.03775     -0.8848896  -42.89153    -45.090694   -59.82598
 -36.475243   -32.34706     -1.4818639  -20.555277   -19.232588  ]
Namespace(hidden_layer=100, learning_rate=30.0, optimizer='adagrad', train_steps=30)
{'accuracy': 0.75555557, 'accuracy_baseline': 0.5555556, 'auc': 0.764, 'auc_precision_recall': 0.84452987, 'average_loss': 1090.5405, 'label/mean': 0.5555556, 'loss': 49074.324, 'prediction/mean': 0.53358144, 'global_step': 9}
[-30.828506   -29.66476     10.076791    22.70065    -36.389545
 -19.671434    18.372429     1.3716809   -3.7507236  -59.731598
  16.088219   -35.930054   -35.007584   -31.436419   -17.223495
 -33.986763   -30.711329   -27.736345   -35.065742   -13.975597
  18.537619    -9.207552     3.8305688   -1.6589408  -59.25688
   3.8181007  -32.6042      21.410128    -0.55322886 -55.881573
 -55.738346   -56.282524    22.75853    -32.2226     -59.04763
  24.008026    -7.627033   -45.894962   -11.67743     16.454205
 -30.998024   -32.23265    -54.224068    20.525043    -2.808572
  -3.071748   -38.613052    17.384802    -7.375386   -54.724712
  -0.07748146 -46.360817   -34.332455   -27.597363   -33.424538
 -35.476154    -2.4517603  -33.403397    17.19324    -29.100994
 -34.13752    -29.267523   -36.324875    -1.443638   -61.962154
   4.8640747  -30.88283    -29.855722    -0.5044539   23.41989
  22.457426    -4.5907464  -56.551456   -38.14239    -58.46817
 -47.861416   -38.327698   -30.88414    -59.731556   -28.72904
 -34.798332   -10.929505    -2.7168357  -31.904156   -29.840767
 -18.068745   -43.83491      2.5092568  -58.283802    18.77142
 -31.963161    -0.8848896  -42.89153    -45.113987   -59.82598
 -36.475243   -32.34706     -1.4818639  -20.63252    -19.232588  ]
Namespace(hidden_layer=100, learning_rate=30.0, optimizer='adagrad', train_steps=30)
{'accuracy': 0.75555557, 'accuracy_baseline': 0.5555556, 'auc': 0.75499994, 'auc_precision_recall': 0.8425, 'average_loss': 1044.2927, 'label/mean': 0.5555556, 'loss': 46993.17, 'prediction/mean': 0.5334249, 'global_step': 10}
[-30.828506   -29.71202      9.651537    21.988213   -36.389545
 -19.671434    17.811506     1.525188    -3.7507236  -59.731598
  15.494053   -35.930054   -35.007584   -31.436419   -17.223495
 -33.986763   -30.711329   -27.736345   -35.065742   -13.975597
  17.986666    -9.207552     3.5605502   -1.6589408  -59.25688
   4.2467914  -32.6042      20.868357    -0.55322886 -55.745506
 -55.738346   -56.282524    22.054256   -32.2226     -59.04763
  23.439032    -7.627033   -45.894962   -11.67743     15.955542
 -30.998024   -32.23265    -54.224068    19.966656    -2.808572
  -3.0920012  -38.613052    16.919716    -7.375386   -54.724712
  -0.07748146 -46.360817   -34.332455   -27.597363   -33.424538
 -35.476154    -2.4517603  -33.47425     16.539051   -29.091942
 -34.207928   -29.255695   -36.390293    -1.443638   -61.962154
   5.7195315  -30.95929    -29.831127    -0.5044539   22.714699
  21.852846    -4.5907464  -56.551456   -38.14239    -58.46817
 -47.861416   -38.38898    -30.88414    -59.731556   -28.620354
 -34.942616   -10.929505    -2.7168357  -31.904156   -29.840767
 -18.132866   -43.83491      2.8129892  -58.283802    18.148273
 -31.963161    -0.8848896  -42.89153    -45.116436   -59.82598
 -36.539402   -32.428883    -1.4818639  -20.709755   -18.593779  ]
Namespace(hidden_layer=100, learning_rate=30.0, optimizer='adagrad', train_steps=30)
{'accuracy': 0.75555557, 'accuracy_baseline': 0.5555556, 'auc': 0.75499994, 'auc_precision_recall': 0.8425, 'average_loss': 1023.2835, 'label/mean': 0.5555556, 'loss': 46047.758, 'prediction/mean': 0.53336734, 'global_step': 11}
[-30.828506   -29.759245     9.28838     21.350784   -36.389545
 -19.671434    17.376501     1.6789563   -3.7486334  -59.731598
  15.019912   -35.930054   -35.007584   -31.436419   -17.223495
 -33.986763   -30.711329   -27.736345   -35.065742   -13.974957
  17.498718    -9.207552     3.2906132   -1.6684413  -59.25688
   4.8192935  -32.6042      20.395838    -0.5516833  -55.745377
 -55.738346   -56.282524    21.41779    -32.2226     -59.04763
  22.877083    -7.627033   -45.894962   -11.67743     15.519967
 -30.998024   -32.23265    -54.224068    19.479794    -2.808572
  -3.0879412  -38.613052    16.455896    -7.371861   -54.724712
  -0.07748146 -46.360817   -34.332455   -27.597363   -33.424538
 -35.476154    -2.4644778  -33.545094    15.952431   -29.09193
 -34.278313   -29.243774   -36.390293    -1.4497572  -61.962154
   6.443299   -31.035707   -29.831097    -0.5044539   22.085278
  21.451603    -4.5907464  -56.551456   -38.14239    -58.46817
 -47.861416   -38.450264   -30.88414    -59.731556   -28.56569
 -35.01474    -10.929505    -2.7168357  -31.904156   -29.840767
 -18.19698    -43.83491      3.1172857  -58.283802    17.52764
 -31.963161    -0.8848896  -42.89153    -45.12477    -59.82598
 -36.60356    -32.428883    -1.4818639  -20.786983   -18.593779  ]
Namespace(hidden_layer=100, learning_rate=30.0, optimizer='adagrad', train_steps=30)
{'accuracy': 0.75555557, 'accuracy_baseline': 0.5555556, 'auc': 0.75499994, 'auc_precision_recall': 0.8425, 'average_loss': 998.9437, 'label/mean': 0.5555556, 'loss': 44952.47, 'prediction/mean': 0.53334546, 'global_step': 12}
[-30.828506   -29.806435     8.926417    20.786877   -36.389545
 -19.671434    16.942518     1.8330151   -3.7486334  -59.731598
  14.546693   -35.930054   -34.940975   -31.436419   -17.223495
 -33.93321    -30.711329   -27.736345   -35.065742   -13.974957
  17.131733    -9.207552     3.0207493   -1.6684413  -59.25688
   5.3928614  -32.536125    19.991993    -0.5516833  -55.572273
 -55.738346   -56.282524    20.91104    -32.2226     -59.04763
  22.32143     -7.627033   -45.894962   -11.67743     15.085003
 -30.926277   -32.23265    -54.224068    19.06382     -2.808572
  -3.098326   -38.553116    15.993256    -7.371861   -54.724712
  -0.07748146 -46.360817   -34.332455   -27.523592   -33.424538
 -35.476154    -2.4644778  -33.547386    15.432607   -29.07746
 -34.28059    -29.243385   -36.32699     -1.4497572  -61.962154
   7.037572   -31.038177   -29.788845    -0.5044539   21.529795
  21.051931    -4.5907464  -56.551456   -38.14239    -58.46817
 -47.861416   -38.390965   -30.88414    -59.731556   -28.53737
 -35.01707    -10.929505    -2.7168357  -31.904156   -29.840767
 -18.26109    -43.83491      3.4222162  -58.283802    16.971
 -31.890966    -0.8848896  -42.89153    -45.11275    -59.82598
 -36.541477   -32.349716    -1.4818639  -20.864208   -19.216208  ]
Namespace(hidden_layer=100, learning_rate=30.0, optimizer='adagrad', train_steps=30)
{'accuracy': 0.75555557, 'accuracy_baseline': 0.5555556, 'auc': 0.75499994, 'auc_precision_recall': 0.8425, 'average_loss': 963.0298, 'label/mean': 0.5555556, 'loss': 43336.34, 'prediction/mean': 0.5333404, 'global_step': 13}
[-30.828506   -29.806435     8.565539    20.29548    -36.389545
 -19.671434    16.50947      1.9873939   -3.7486246  -59.731598
  14.192365   -35.930054   -34.940975   -31.436419   -17.223495
 -33.93321    -30.711329   -27.736345   -35.065742   -13.974954
  16.767452    -9.207552     2.7509506   -1.6684765  -59.25688
   5.9679384  -32.536125    19.58922     -0.55167603 -55.572273
 -55.738346   -56.282524    20.406397   -32.2226     -59.04763
  21.826332    -7.627033   -45.894962   -11.67743     14.650597
 -30.926277   -32.23265    -54.224068    18.649115    -2.808572
  -3.0990849  -38.553116    15.597632    -7.3718467  -54.724712
  -0.07748146 -46.360817   -34.332455   -27.523592   -33.424538
 -35.476154    -2.464525   -33.547386    14.91422    -29.07746
 -34.28059    -29.243385   -36.32699     -1.4497788  -61.962154
   7.7871675  -31.038177   -29.788845    -0.5044539   20.978006
  20.720097    -4.5907464  -56.551456   -38.14239    -58.46817
 -47.861416   -38.390965   -30.88414    -59.731556   -28.509932
 -35.01707    -10.929505    -2.7168357  -31.904156   -29.840767
 -18.26109    -43.83491      3.727851   -58.283802    16.477657
 -31.890966    -0.8848896  -42.89153    -45.118816   -59.82598
 -36.541477   -32.349716    -1.4818639  -20.864208   -19.216208  ]
Namespace(hidden_layer=100, learning_rate=30.0, optimizer='adagrad', train_steps=30)
{'accuracy': 0.75555557, 'accuracy_baseline': 0.5555556, 'auc': 0.75499994, 'auc_precision_recall': 0.8425, 'average_loss': 948.5549, 'label/mean': 0.5555556, 'loss': 42684.97, 'prediction/mean': 0.53333664, 'global_step': 14}
[-30.828506   -29.806435     8.205635    19.805868   -36.389545
 -19.671434    16.139002     2.1421223   -3.7486236  -59.731598
  13.838552   -35.930054   -34.940975   -31.436419   -17.223495
 -33.93321    -30.711329   -27.736345   -35.065742   -13.974954
  16.403898    -9.207552     2.4812083   -1.66848    -59.25688
   6.5449686  -32.536125    19.187452    -0.5516753  -55.572273
 -55.738346   -56.282524    19.903685   -32.2226     -59.04763
  21.390203    -7.627033   -45.894962   -11.67743     14.3406515
 -30.926277   -32.23265    -54.224068    18.235634    -2.808572
  -3.0991197  -38.553116    15.202867    -7.3718452  -54.724712
  -0.07748146 -46.360817   -34.332455   -27.523592   -33.424538
 -35.476154    -2.4645298  -33.547386    14.3971     -29.07746
 -34.28059    -29.243385   -36.32699     -1.449781   -61.962154
   8.545631   -31.038177   -29.788845    -0.5044539   20.42968
  20.389433    -4.5907464  -56.551456   -38.14239    -58.46817
 -47.861416   -38.390965   -30.88414    -59.731556   -28.482487
 -35.01707    -10.929505    -2.7168357  -31.904156   -29.840767
 -18.26109    -43.83491      4.0342603  -58.283802    16.047068
 -31.890966    -0.8848896  -42.89153    -45.119236   -59.82598
 -36.541477   -32.349716    -1.4818639  -20.864208   -19.216208  ]
Namespace(hidden_layer=100, learning_rate=30.0, optimizer='adagrad', train_steps=30)
{'accuracy': 0.75555557, 'accuracy_baseline': 0.5555556, 'auc': 0.75499994, 'auc_precision_recall': 0.8425, 'average_loss': 935.3067, 'label/mean': 0.5555556, 'loss': 42088.8, 'prediction/mean': 0.533335, 'global_step': 15}
[-30.828506   -29.806435     7.846595    19.387543   -36.389545
 -19.671434    15.769194     2.2972298   -3.7486231  -59.731598
  13.485222   -35.930054   -34.940975   -31.436419   -17.223495
 -33.93321    -30.711329   -27.736345   -35.065742   -13.974954
  16.041025    -9.207552     2.2789342   -1.6684816  -59.25688
   7.1243944  -32.536125    18.786625    -0.551675   -55.572273
 -55.738346   -56.282524    19.402723   -32.22248    -59.04763
  20.957712    -7.627033   -45.894962   -11.67743     14.031031
 -30.926277   -32.23265    -54.224068    17.823332    -2.808572
  -3.0991337  -38.553116    14.808898    -7.371845   -54.724712
  -0.07748146 -46.360817   -34.332344   -27.523592   -33.424538
 -35.476154    -2.464532   -33.547386    13.945569   -29.07746
 -34.28059    -29.243404   -36.32699     -1.4497819  -61.962154
   9.314166   -31.038177   -29.788845    -0.5044539   19.884584
  20.059906    -4.5907464  -56.551456   -38.14239    -58.46817
 -47.861416   -38.390965   -30.88414    -59.731556   -28.45508
 -35.01707    -10.929505    -2.7168357  -31.904156   -29.840767
 -18.26109    -43.83491      4.3415146  -58.283802    15.617477
 -31.890966    -0.8848896  -42.89153    -45.11941    -59.82598
 -36.541477   -32.349716    -1.4818639  -20.864208   -19.216208  ]
Namespace(hidden_layer=100, learning_rate=30.0, optimizer='adagrad', train_steps=30)
{'accuracy': 0.75555557, 'accuracy_baseline': 0.5555556, 'auc': 0.75499994, 'auc_precision_recall': 0.8425, 'average_loss': 923.04877, 'label/mean': 0.5555556, 'loss': 41537.195, 'prediction/mean': 0.5333341, 'global_step': 16}
[-30.828506   -29.806435     7.4883094   18.970459   -36.389545
 -19.671434    15.400004     2.4527462   -3.748623   -59.731598
  13.132338   -35.930054   -34.940975   -31.436419   -17.223495
 -33.93321    -30.711329   -27.736345   -35.065742   -13.974954
  15.678784    -9.207552     2.0766895   -1.6684823  -59.25688
   7.7066593  -32.536125    18.453321    -0.5516749  -55.572273
 -55.738346   -56.282524    18.965748   -32.222385   -59.04763
  20.528597    -7.627033   -45.894962   -11.67743     13.72172
 -30.926277   -32.23265    -54.224068    17.412165    -2.808572
  -3.09914    -38.553116    14.415668    -7.3718443  -54.724712
  -0.07748146 -46.360817   -34.332256   -27.523592   -33.424538
 -35.476154    -2.4645329  -33.547386    13.559227   -29.07746
 -34.28059    -29.24342    -36.32699     -1.4497824  -61.962154
  10.093984   -31.038177   -29.788845    -0.5044539   19.342491
  19.731482    -4.5907464  -56.551456   -38.14239    -58.46817
 -47.861416   -38.390965   -30.88414    -59.731556   -28.427658
 -35.01707    -10.929505    -2.7168357  -31.904156   -29.840767
 -18.26109    -43.83491      4.649684   -58.283802    15.18882
 -31.890966    -0.8848896  -42.89153    -45.11949    -59.82598
 -36.541477   -32.349716    -1.4818639  -20.864208   -19.216208  ]
Namespace(hidden_layer=100, learning_rate=30.0, optimizer='adagrad', train_steps=30)
{'accuracy': 0.75555557, 'accuracy_baseline': 0.5555556, 'auc': 0.75499994, 'auc_precision_recall': 0.8425, 'average_loss': 911.80035, 'label/mean': 0.5555556, 'loss': 41031.016, 'prediction/mean': 0.5333337, 'global_step': 17}
[-30.828506   -29.806435     7.1902695   18.623852   -36.389545
 -19.671434    15.031392     2.608701    -3.748623   -59.731598
  12.779865   -35.930054   -34.940975   -31.436419   -17.223495
 -33.93321    -30.711329   -27.736345   -35.065742   -13.974954
  15.31713     -9.207552     1.8744719   -1.6684827  -59.25688
   8.292207   -32.536125    18.120686    -0.55167484 -55.572273
 -55.738346   -56.282524    18.654495   -32.22229    -59.04763
  20.155838    -7.627033   -45.894962   -11.67743     13.412706
 -30.926277   -32.23265    -54.224068    17.002087    -2.808572
  -3.0991428  -38.553116    14.023116    -7.3718443  -54.724712
  -0.07748146 -46.360817   -34.33217    -27.523592   -33.424538
 -35.476154    -2.4645333  -33.547386    13.173499   -29.07746
 -34.28059    -29.243435   -36.32699     -1.4497826  -61.962154
  10.88631    -31.038177   -29.788845    -0.5044539   18.803171
  19.404129    -4.5907464  -56.551456   -38.14239    -58.46817
 -47.861416   -38.390965   -30.88414    -59.731556   -28.40023
 -35.01707    -10.929505    -2.7168357  -31.904156   -29.840767
 -18.26109    -43.83491      4.95884    -58.283802    14.761029
 -31.890966    -0.8848896  -42.89153    -45.11953    -59.82598
 -36.541477   -32.349716    -1.4818639  -20.864208   -19.216208  ]
Namespace(hidden_layer=100, learning_rate=30.0, optimizer='adagrad', train_steps=30)
{'accuracy': 0.75555557, 'accuracy_baseline': 0.5555556, 'auc': 0.75499994, 'auc_precision_recall': 0.8425, 'average_loss': 901.8248, 'label/mean': 0.5555556, 'loss': 40582.117, 'prediction/mean': 0.5333335, 'global_step': 18}
[-30.722925   -29.759275     6.892702    18.27815    -36.389545
 -19.671434    14.663316     2.7129838   -3.748623   -59.731598
  12.486446   -35.930054   -34.940975   -31.436419   -17.223495
 -33.877834   -30.631386   -27.736345   -35.065742   -13.974954
  15.0161915   -9.207552     1.7396753   -1.6684828  -59.25688
   8.7342005  -32.465775    17.788692    -0.5516748  -55.572273
 -55.738346   -56.282524    18.344057   -32.22219    -59.04763
  19.785572    -7.627033   -45.894962   -11.67743     13.103976
 -30.926277   -32.1552     -54.224068    16.593056    -2.808572
  -3.0991442  -38.553116    13.696499    -7.3718443  -54.724712
  -0.07748146 -46.360817   -34.332077   -27.523592   -33.424538
 -35.476154    -2.4645336  -33.476543    12.852522   -29.07746
 -34.210228   -29.255552   -36.32699     -1.4497827  -61.962154
  11.53125    -31.038177   -29.788845    -0.5044539   18.2664
  19.077814    -4.5907464  -56.551456   -38.14239    -58.46817
 -47.861416   -38.390965   -30.88414    -59.731556   -28.400267
 -34.944958   -10.929505    -2.7168357  -31.904156   -29.724
 -18.26109    -43.83491      5.269053   -58.283802    14.395029
 -31.816336    -0.8848896  -42.89153    -45.11955    -59.82598
 -36.477306   -32.267876    -1.5182887  -20.864208   -19.851274  ]
Namespace(hidden_layer=100, learning_rate=30.0, optimizer='adagrad', train_steps=30)
{'accuracy': 0.75555557, 'accuracy_baseline': 0.5555556, 'auc': 0.75499994, 'auc_precision_recall': 0.8425, 'average_loss': 892.2664, 'label/mean': 0.5555556, 'loss': 40151.99, 'prediction/mean': 0.5333334, 'global_step': 19}
[-30.722925   -29.759275     6.595568    17.933304   -36.389545
 -19.671434    14.295733     2.8680875   -3.748623   -59.731598
  12.193315   -35.930054   -34.940975   -31.436419   -17.223495
 -33.877834   -30.631386   -27.736345   -35.065742   -13.974954
  14.715658    -9.207552     1.5374961   -1.6684829  -59.25688
   9.320942   -32.465775    17.458548    -0.5516748  -55.572273
 -55.738346   -56.282524    18.035557   -32.22214    -59.04763
  19.471163    -7.627033   -45.894962   -11.67743     12.795516
 -30.926277   -32.1552     -54.224068    16.186287    -2.808572
  -3.099145   -38.553116    13.370359    -7.3718443  -54.724712
  -0.07748146 -46.360817   -34.33203    -27.523592   -33.424538
 -35.476154    -2.4645338  -33.476543    12.53198    -29.07746
 -34.210228   -29.25556    -36.32699     -1.4497827  -61.962154
  12.344246   -31.038177   -29.788845    -0.5044539   17.79998
  18.752506    -4.5907464  -56.551456   -38.14239    -58.46817
 -47.861416   -38.390965   -30.88414    -59.731556   -28.37334
 -34.944958   -10.929505    -2.7168357  -31.904156   -29.724
 -18.26109    -43.83491      5.680124   -58.283802    14.029654
 -31.816336    -0.8848896  -42.89153    -45.11956    -59.82598
 -36.477306   -32.267876    -1.5182887  -20.864208   -19.851274  ]
Namespace(hidden_layer=100, learning_rate=30.0, optimizer='adagrad', train_steps=30)
{'accuracy': 0.75555557, 'accuracy_baseline': 0.5555556, 'auc': 0.75499994, 'auc_precision_recall': 0.8425, 'average_loss': 886.12555, 'label/mean': 0.5555556, 'loss': 39875.65, 'prediction/mean': 0.5333334, 'global_step': 20}
[-30.722925   -29.759275     6.2988286   17.58926    -36.389545
 -19.671434    13.989785     3.0237093   -3.748623   -59.731598
  11.900457   -35.930054   -34.940975   -31.436419   -17.223495
 -33.877834   -30.631386   -27.736345   -35.065742   -13.974954
  14.415514    -9.207552     1.3353387   -1.668483   -59.25688
   9.766481   -32.465775    17.193918    -0.5516748  -55.572273
 -55.738346   -56.282524    17.788443   -32.22208    -59.04763
  19.209923    -7.627033   -45.894962   -11.67743     12.548948
 -30.926277   -32.1552     -54.224068    15.847048    -2.808572
  -3.0991454  -38.553116    13.044676    -7.3718443  -54.724712
  -0.07748146 -46.360817   -34.331974   -27.523592   -33.424538
 -35.476154    -2.4645338  -33.476543    12.211854   -29.07746
 -34.210228   -29.25557    -36.32699     -1.4497827  -61.962154
  13.009949   -31.038177   -29.788845    -0.5044539   17.46723
  18.428171    -4.5907464  -56.551456   -38.14239    -58.46817
 -47.861416   -38.390965   -30.88414    -59.731556   -28.373363
 -34.944958   -10.929505    -2.7168357  -31.904156   -29.724
 -18.26109    -43.83491      5.9912434  -58.283802    13.664857
 -31.816336    -0.8848896  -42.89153    -45.119568   -59.82598
 -36.477306   -32.267876    -1.5182887  -20.864208   -19.851274  ]
Namespace(hidden_layer=100, learning_rate=30.0, optimizer='adagrad', train_steps=30)
{'accuracy': 0.75555557, 'accuracy_baseline': 0.5555556, 'auc': 0.75499994, 'auc_precision_recall': 0.8425, 'average_loss': 879.46985, 'label/mean': 0.5555556, 'loss': 39576.145, 'prediction/mean': 0.53333336, 'global_step': 21}
[-30.722925   -29.759275     6.002444    17.24597    -36.389545
 -19.671434    13.684184     3.1798792   -3.748623   -59.731598
  11.607863   -35.930054   -34.940975   -31.436419   -17.223495
 -33.877834   -30.631386   -27.736345   -35.065742   -13.974954
  14.115745    -9.207552     1.1332012   -1.668483   -59.25688
  10.362899   -32.465775    16.92974     -0.5516748  -55.572273
 -55.738346   -56.282524    17.541857   -32.22203    -59.04763
  18.950033    -7.627033   -45.894962   -11.67743     12.30257
 -30.926277   -32.1552     -54.224068    15.508502    -2.808572
  -3.099146   -38.553116    12.719427    -7.3718443  -54.724712
  -0.07748146 -46.360817   -34.33193    -27.523592   -33.424538
 -35.476154    -2.4645338  -33.476543    11.892127   -29.07746
 -34.210228   -29.255577   -36.32699     -1.4497827  -61.962154
  13.682155   -31.038177   -29.788845    -0.5044539   17.135342
  18.104776    -4.5907464  -56.551456   -38.14239    -58.46817
 -47.861416   -38.390965   -30.88414    -59.731556   -28.37338
 -34.944958   -10.929505    -2.7168357  -31.904156   -29.724
 -18.26109    -43.83491      6.3036575  -58.283802    13.300594
 -31.816336    -0.8848896  -42.89153    -45.11957    -59.82598
 -36.477306   -32.267876    -1.5182887  -20.864208   -19.851274  ]
Namespace(hidden_layer=100, learning_rate=30.0, optimizer='adagrad', train_steps=30)
{'accuracy': 0.75555557, 'accuracy_baseline': 0.5555556, 'auc': 0.75499994, 'auc_precision_recall': 0.8425, 'average_loss': 873.281, 'label/mean': 0.5555556, 'loss': 39297.645, 'prediction/mean': 0.53333336, 'global_step': 22}
[-30.722925   -29.759275     5.7655845   16.90338    -36.389545
 -19.671434    13.378915     3.3366268   -3.748623   -59.731598
  11.315518   -35.930054   -34.940975   -31.436419   -17.223495
 -33.877834   -30.631386   -27.736345   -35.065742   -13.974954
  13.816335    -9.207552     0.93108165  -1.668483   -59.25688
  10.961822   -32.465775    16.666004    -0.5516748  -55.572273
 -55.738346   -56.282524    17.295786   -32.22199    -59.04763
  18.691465    -7.627033   -45.894962   -11.67743     12.056376
 -30.926277   -32.1552     -54.224068    15.170624    -2.808572
  -3.0991461  -38.553116    12.394591    -7.3718443  -54.724712
  -0.07748146 -46.360817   -34.33189    -27.523592   -33.424538
 -35.476154    -2.4645338  -33.476543    11.57278    -29.07746
 -34.210228   -29.255585   -36.32699     -1.4497827  -61.962154
  14.361403   -31.038177   -29.788845    -0.5044539   16.804283
  17.782291    -4.5907464  -56.551456   -38.14239    -58.46817
 -47.861416   -38.390965   -30.88414    -59.731556   -28.373396
 -34.944958   -10.929505    -2.7168357  -31.904156   -29.724
 -18.26109    -43.83491      6.6174374  -58.283802    12.93682
 -31.816336    -0.8848896  -42.89153    -45.119576   -59.82598
 -36.477306   -32.267876    -1.5182887  -20.864208   -19.851274  ]
Namespace(hidden_layer=100, learning_rate=30.0, optimizer='adagrad', train_steps=30)
{'accuracy': 0.75555557, 'accuracy_baseline': 0.5555556, 'auc': 0.75499994, 'auc_precision_recall': 0.8425, 'average_loss': 867.3578, 'label/mean': 0.5555556, 'loss': 39031.1, 'prediction/mean': 0.53333336, 'global_step': 23}
[-30.722925   -29.759275     5.588107    16.697384   -36.389545
 -19.671434    13.1342125    3.493982    -3.748623   -59.731598
  11.023411   -35.930054   -34.940975   -31.436419   -17.223495
 -33.877834   -30.631386   -27.736345   -35.065742   -13.974954
  13.576358    -9.207552     0.7289779   -1.668483   -59.25688
  11.563611   -32.465775    16.402697    -0.5516748  -55.572273
 -55.738346   -56.282524    17.05022    -32.221947   -59.04763
  18.43419     -7.627033   -45.894962   -11.67743     11.810359
 -30.926277   -32.1552     -54.224068    14.900017    -2.808572
  -3.0991464  -38.553116    12.0701475   -7.3718443  -54.724712
  -0.07748146 -46.360817   -34.331852   -27.523592   -33.424538
 -35.476154    -2.4645338  -33.476543    11.253795   -29.07746
 -34.210228   -29.267513   -36.32699     -1.4497827  -61.962154
  15.048241   -31.038177   -29.788845    -0.5044539   16.474022
  17.460684    -4.5907464  -56.551456   -38.14239    -58.46817
 -47.861416   -38.390965   -30.88414    -59.731556   -28.400541
 -34.944958   -10.929505    -2.7168357  -31.904156   -29.724
 -18.26109    -43.83491      6.9326553  -58.283802    12.693859
 -31.816336    -0.8848896  -42.89153    -45.11958    -59.82598
 -36.477306   -32.267876    -1.5182887  -20.864208   -20.476994  ]
Namespace(hidden_layer=100, learning_rate=30.0, optimizer='adagrad', train_steps=30)
{'accuracy': 0.75555557, 'accuracy_baseline': 0.5555556, 'auc': 0.75499994, 'auc_precision_recall': 0.8425, 'average_loss': 860.0417, 'label/mean': 0.5555556, 'loss': 38701.875, 'prediction/mean': 0.53333336, 'global_step': 24}
[-30.722925   -29.759275     5.410785    16.424078   -36.389545
 -19.671434    12.829551     3.6519752   -3.748623   -59.731598
  10.731527   -35.930054   -34.940975   -31.436419   -17.223495
 -33.877834   -30.631386   -27.736345   -35.065742   -13.974954
  13.277581    -9.207552     0.526888    -1.668483   -59.25688
  12.16863    -32.465775    16.139807    -0.5516748  -55.572273
 -55.738346   -56.282524    16.805145   -32.221928   -59.04763
  18.17818     -7.627033   -45.894962   -11.67743     11.564511
 -30.926277   -32.1552     -54.224068    14.563377    -2.808572
  -3.0991466  -38.553116    11.746075    -7.3718443  -54.724712
  -0.07748146 -46.360817   -34.331833   -27.523592   -33.424538
 -35.476154    -2.4645338  -33.476543    10.935153   -29.07746
 -34.210228   -29.267517   -36.32699     -1.4497827  -61.962154
  15.743215   -31.038177   -29.788845    -0.5044539   16.144526
  17.139921    -4.5907464  -56.551456   -38.14239    -58.46817
 -47.861416   -38.390965   -30.88414    -59.731556   -28.400549
 -34.944958   -10.929505    -2.7168357  -31.904156   -29.724
 -18.26109    -43.83491      7.249383   -58.283802    12.391386
 -31.816336    -0.8848896  -42.89153    -45.11958    -59.82598
 -36.477306   -32.267876    -1.5182887  -20.864208   -20.476994  ]
Namespace(hidden_layer=100, learning_rate=30.0, optimizer='adagrad', train_steps=30)
{'accuracy': 0.75555557, 'accuracy_baseline': 0.5555556, 'auc': 0.75499994, 'auc_precision_recall': 0.8425, 'average_loss': 854.5757, 'label/mean': 0.5555556, 'loss': 38455.906, 'prediction/mean': 0.53333336, 'global_step': 25}
[-30.722925   -29.759275     5.2336144   16.15125    -36.389545
 -19.671434    12.525178     3.8106363   -3.748623   -59.731598
  10.439856   -35.930054   -34.940975   -31.436419   -17.223495
 -33.877834   -30.631386   -27.736345   -35.065742   -13.974954
  12.979122    -9.207552     0.32480997  -1.668483   -59.25688
  12.777239   -32.465775    15.877322    -0.5516748  -55.572273
 -55.738346   -56.282524    16.56055    -32.22191    -59.04763
  17.923409    -7.627033   -45.894962   -11.67743     11.318828
 -30.926277   -32.1552     -54.224068    14.227334    -2.808572
  -3.0991466  -38.553116    11.422352    -7.3718443  -54.724712
  -0.07748146 -46.360817   -34.331814   -27.523592   -33.424538
 -35.476154    -2.4645338  -33.476543    10.616837   -29.07746
 -34.210228   -29.26752    -36.32699     -1.4497827  -61.962154
  16.446878   -31.038177   -29.788845    -0.5044539   15.881509
  16.819973    -4.5907464  -56.551456   -38.14239    -58.46817
 -47.861416   -38.390965   -30.88414    -59.731556   -28.400557
 -34.944958   -10.929505    -2.7168357  -31.904156   -29.724
 -18.26109    -43.83491      7.567693   -58.283802    12.0892315
 -31.816336    -0.8848896  -42.89153    -45.11958    -59.82598
 -36.477306   -32.267876    -1.5182887  -20.864208   -20.476994  ]
Namespace(hidden_layer=100, learning_rate=30.0, optimizer='adagrad', train_steps=30)
{'accuracy': 0.75555557, 'accuracy_baseline': 0.5555556, 'auc': 0.75499994, 'auc_precision_recall': 0.8425, 'average_loss': 849.3225, 'label/mean': 0.5555556, 'loss': 38219.51, 'prediction/mean': 0.53333336, 'global_step': 26}
[-30.722925   -29.759275     5.05659     15.87889    -36.389545
 -19.671434    12.221078     3.9699955   -3.748623   -59.731598
  10.148383   -35.930054   -34.940975   -31.436419   -17.223495
 -33.877834   -30.631386   -27.736345   -35.065742   -13.974954
  12.680967    -9.207552     0.12274177  -1.668483   -59.25688
  13.389803   -32.465775    15.615232    -0.5516748  -55.572273
 -55.738346   -56.282524    16.316423   -32.221886   -59.04763
  17.669846    -7.627033   -45.894962   -11.67743     11.0733
 -30.926277   -32.1552     -54.224068    13.891862    -2.808572
  -3.0991466  -38.553116    11.098957    -7.3718443  -54.724712
  -0.07748146 -46.360817   -34.331795   -27.523592   -33.424538
 -35.476154    -2.4645338  -33.476543    10.298826   -29.07746
 -34.210228   -29.267525   -36.32699     -1.4497827  -61.962154
  17.159792   -31.038177   -29.788845    -0.5044539   15.619054
  16.500805    -4.5907464  -56.551456   -38.14239    -58.46817
 -47.861416   -38.390965   -30.88414    -59.731556   -28.400564
 -34.944958   -10.929505    -2.7168357  -31.904156   -29.724
 -18.26109    -43.83491      7.8876586  -58.283802    11.787379
 -31.816336    -0.8848896  -42.89153    -45.11958    -59.82598
 -36.477306   -32.267876    -1.5182887  -20.864208   -20.476994  ]
Namespace(hidden_layer=100, learning_rate=30.0, optimizer='adagrad', train_steps=30)
{'accuracy': 0.73333335, 'accuracy_baseline': 0.5555556, 'auc': 0.74999994, 'auc_precision_recall': 0.8348913, 'average_loss': 844.2802, 'label/mean': 0.5555556, 'loss': 37992.61, 'prediction/mean': 0.51598954, 'global_step': 27}
[-30.722925   -29.759275     4.879707    15.606981   -36.389545
 -19.671434    11.917236     4.130083    -3.748623   -59.731598
   9.857097   -35.930054   -34.940975   -31.436419   -17.223495
 -33.877834   -30.631386   -27.736345   -35.065742   -13.974954
  12.383102    -9.207552    -0.07931863  -1.668483   -59.25688
  14.006687   -32.465775    15.353525    -0.5516748  -55.572273
 -55.738346   -56.282524    16.07275    -32.221863   -59.04763
  17.417465    -7.627033   -45.894962   -11.67743     10.827924
 -30.926277   -32.1552     -54.224068    13.556936    -2.808572
  -3.0991466  -38.553116    10.775869    -7.3718443  -54.724712
  -0.07748146 -46.360817   -34.33177    -27.523592   -33.424538
 -35.476154    -2.4645338  -33.476543     9.981105   -29.07746
 -34.210228   -29.267529   -36.32699     -1.4497827  -61.962154
  17.882519   -31.038177   -29.788845    -0.5044539   15.357143
  16.182388    -4.5907464  -56.551456   -38.14239    -58.46817
 -47.861416   -38.390965   -30.88414    -59.731556   -28.400572
 -34.944958   -10.929505    -2.7168357  -31.904156   -29.724
 -18.26109    -43.83491      8.2093525  -58.283802    11.485813
 -31.816336    -0.8848896  -42.89153    -45.11958    -59.82598
 -36.477306   -32.267876    -1.5182887  -20.864208   -20.476994  ]
Namespace(hidden_layer=100, learning_rate=30.0, optimizer='adagrad', train_steps=30)
{'accuracy': 0.75555557, 'accuracy_baseline': 0.5555556, 'auc': 0.75999993, 'auc_precision_recall': 0.84686875, 'average_loss': 840.8738, 'label/mean': 0.5555556, 'loss': 37839.32, 'prediction/mean': 0.4888889, 'global_step': 28}
[-30.722925   -29.759275     4.7029605   15.33551    -36.389545
 -19.671434    11.735071     4.29093     -3.748623   -59.731598
   9.682424   -35.930054   -34.940975   -31.436419   -17.223495
 -33.877834   -30.631386   -27.736345   -35.065742   -13.974954
  12.204543    -9.207552    -0.07931863  -1.668483   -59.25688
  14.317523   -32.465775    15.09219     -0.5516748  -55.572273
 -55.738346   -56.282524    15.82952    -32.22184    -59.04763
  17.266726    -7.627033   -45.894962   -11.67743     10.582691
 -30.926277   -32.1552     -54.224068    13.356286    -2.808572
  -3.0991466  -38.553116    10.517622    -7.3718443  -54.724712
  -0.07748146 -46.360817   -34.33175    -27.523592   -33.424538
 -35.476154    -2.4645338  -33.476543     9.7906275  -29.07746
 -34.210228   -29.267532   -36.32699     -1.4497827  -61.962154
  18.249155   -31.038177   -29.788845    -0.5044539   15.095762
  15.991762    -4.5907464  -56.551456   -38.14239    -58.46817
 -47.861416   -38.390965   -30.88414    -59.731556   -28.400581
 -34.944958   -10.929505    -2.7168357  -31.904156   -29.724
 -18.26109    -43.83491      8.532847   -58.283802    11.305029
 -31.816336    -0.8848896  -42.89153    -45.11958    -59.82598
 -36.477306   -32.267876    -1.5182887  -20.864208   -20.476994  ]
Namespace(hidden_layer=100, learning_rate=30.0, optimizer='adagrad', train_steps=30)
{'accuracy': 0.75555557, 'accuracy_baseline': 0.5555556, 'auc': 0.75999993, 'auc_precision_recall': 0.84686875, 'average_loss': 839.78143, 'label/mean': 0.5555556, 'loss': 37790.164, 'prediction/mean': 0.4888889, 'global_step': 29}
[-30.722925   -29.759275     4.5263467   15.064464   -36.389545
 -19.671434    11.613708     4.4525666   -3.748623   -59.731598
   9.566034   -35.930054   -34.940975   -31.436419   -17.223495
 -33.877834   -30.631386   -27.736345   -35.065742   -13.974954
  12.0261345   -9.207552    -0.07931863  -1.668483   -59.25688
  14.62947    -32.465775    14.831215    -0.5516748  -55.572273
 -55.738346   -56.282524    15.586721   -32.221817   -59.04763
  17.116364    -7.627033   -45.894962   -11.67743     10.398867
 -30.926277   -32.1552     -54.224068    13.155854    -2.808572
  -3.0991466  -38.553116    10.2595825   -7.3718443  -54.724712
  -0.07748146 -46.360817   -34.33173    -27.523592   -33.424538
 -35.476154    -2.4645338  -33.476543     9.600273   -29.07746
 -34.210228   -29.267536   -36.32699     -1.4497827  -61.962154
  18.616644   -31.038177   -29.788845    -0.5044539   14.834895
  15.801468    -4.5907464  -56.551456   -38.14239    -58.46817
 -47.861416   -38.390965   -30.88414    -59.731556   -28.400589
 -34.944958   -10.929505    -2.7168357  -31.904156   -29.724
 -18.26109    -43.83491      8.858218   -58.283802    11.184585
 -31.816336    -0.8848896  -42.89153    -45.11958    -59.82598
 -36.477306   -32.267876    -1.5182887  -20.864208   -20.476994  ]
Namespace(hidden_layer=100, learning_rate=30.0, optimizer='adagrad', train_steps=30)
{'accuracy': 0.75555557, 'accuracy_baseline': 0.5555556, 'auc': 0.75999993, 'auc_precision_recall': 0.84686875, 'average_loss': 839.404, 'label/mean': 0.5555556, 'loss': 37773.18, 'prediction/mean': 0.4888889, 'global_step': 30}
