[-1.34934967e+02  1.74552575e-01 -1.11841156e+02 -3.08237610e+01
 -1.18235390e+02  2.30222416e+01  2.35122566e+01  1.98441277e+01
 -1.13290878e+02 -1.21651448e-01 -6.45815964e+01 -3.84657173e+01
 -1.01939224e+02  7.62721558e+01  2.19379578e+01 -4.44754105e+01
  3.92976761e+01  3.65756482e-01  5.58701611e+00 -5.63449745e+01
 -1.47258873e+01  4.94649200e+01  2.72379923e+00  6.56226206e+00
  2.37734184e+01 -1.04392443e+01 -6.60764426e-02 -7.20812683e+01
  1.04940369e+02  1.26799450e+01  6.30873919e+00  4.77490234e+01
 -2.21440544e+01 -2.88438072e+01  6.38384972e+01 -4.55408821e+01
 -7.06973724e+01 -1.60866928e+02  5.17336731e+01 -1.19623146e+02
 -1.47222281e+01 -1.75495160e+00 -3.88325423e-01  1.83101937e-01
 -1.69322205e+01  3.36995544e+01 -6.67441607e+00 -3.52965808e+00
  2.18496780e+01  3.13278866e+00 -7.59133835e+01  5.40868912e+01
 -9.50347245e-01 -1.39864609e+02  2.85393143e+01 -1.36863068e+02
  2.52884531e+00 -2.19378643e+01  6.31669312e+01 -4.87617035e+01
  3.19959927e+01 -2.01805496e+01 -7.29611301e+00 -7.45745163e+01
 -2.47733307e+01 -2.43977375e+01  8.98061066e+01 -1.24104065e+02
 -2.18785614e-01  1.74709415e+01 -2.69705415e-01  1.36502731e+00
 -8.82300186e+00 -9.02571564e+01  9.35907555e+00  1.28292580e+01
 -7.83642197e+01  1.34577360e+01  4.32325983e+00  3.60969210e+00
 -9.54653454e+00  5.20460014e+01  5.33736305e+01  8.39495163e+01
 -1.15972385e+01  1.05269646e+02 -7.65564775e+00 -2.84783697e+00
  1.17488852e+01  1.03191557e+01  5.79569969e+01  5.48574257e+00
  3.91708145e+01  3.05503535e+00 -8.28059387e+00  1.91959610e+01
 -3.67066994e+01 -1.91474915e+01  2.39960709e+01  5.64426727e+01]
Namespace(hidden_layer=100, learning_rate=30.0, optimizer='gradient', train_steps=30)
{'accuracy': 0.44444445, 'accuracy_baseline': 0.5555556, 'auc': 0.49999994, 'auc_precision_recall': 0.77777773, 'average_loss': 207943.52, 'label/mean': 0.5555556, 'loss': 9357458.0, 'prediction/mean': 0.0, 'global_step': 1}
[-3.6421056e+05 -1.7919795e+05  8.0282349e+02  1.0288107e+05
 -5.6516738e+03 -8.9654525e+05 -1.7256881e+05 -3.7901766e+04
 -1.4259907e+04 -1.3657284e+05 -2.0464912e+05  4.9414023e+04
 -1.5473425e+05 -8.3388344e+05 -2.5548672e+05 -3.5917716e+05
 -2.1564612e+05 -4.5371131e+05  1.0034727e+05 -3.8465841e+05
 -2.1068248e+05  4.1039756e+05 -8.3688969e+05 -4.8745312e+05
 -2.2831762e+05 -2.3125248e+04 -4.8106391e+05  1.6746688e+04
 -1.6918209e+06  1.6707581e+05 -3.3562069e+05 -1.2743665e+06
 -2.0488617e+05  6.4242422e+04 -7.3877988e+05 -8.3199547e+04
 -1.3626467e+05 -1.1779579e+04 -6.8303100e+05 -4.6831855e+03
 -1.5772805e+05 -3.0987377e+04  9.9144775e+03 -6.2143426e+04
 -2.6732278e+05 -9.5961031e+05  3.9432164e+04 -5.0806480e+04
 -2.2444084e+05 -3.2460562e+05 -7.5913383e+01 -1.0077316e+06
 -2.3188497e+05 -6.6201191e+03 -4.0098759e+05 -1.3395988e+04
  9.0188555e+04  4.8703921e+03 -1.0592299e+06 -3.7577391e+05
 -1.6174394e+05 -1.9483074e+04 -1.3982930e+05  5.2787500e+04
 -7.8242432e+03 -2.4397738e+01 -6.7680756e+05 -2.4920344e+04
 -1.1784781e+04  3.1167527e+04 -3.4946541e+05 -5.0043391e+05
 -2.0107584e+05  3.5159851e+03  8.3261500e+05 -3.5585816e+05
  2.2035773e+04 -4.1951766e+05 -1.6749356e+06 -6.0566319e+05
 -9.7432281e+04  4.2637503e+05  1.8556119e+05  4.0350978e+05
 -9.4087520e+03 -1.1836088e+06  1.0778539e+04  8.9791223e+02
 -3.3009508e+04 -1.2701299e+05 -1.1623509e+06 -2.2665419e+05
 -3.0843412e+05 -4.8882925e+05 -5.8165152e+04 -1.0684938e+06
  1.3959759e+04  1.9002428e+03 -6.7865984e+04 -2.5198814e+04]
Namespace(hidden_layer=100, learning_rate=30.0, optimizer='gradient', train_steps=30)
{'accuracy': 0.5555556, 'accuracy_baseline': 0.5555556, 'auc': 0.49999994, 'auc_precision_recall': 0.77777773, 'average_loss': 1306237300000.0, 'label/mean': 0.5555556, 'loss': 58780680000000.0, 'prediction/mean': 1.0, 'global_step': 2}
[-3.64210562e+05 -1.79197953e+05 -1.50630140e+07 -1.13354112e+09
 -5.65167383e+03 -8.96545250e+05 -1.72568812e+05 -3.79017656e+04
 -1.42599072e+04 -1.36572844e+05 -2.04649125e+05 -1.59594982e+09
 -1.54734250e+05 -8.33883438e+05 -2.55486719e+05 -3.59177156e+05
 -2.15646125e+05 -4.53711312e+05 -2.44047053e+09 -3.84658406e+05
 -2.10682484e+05 -6.42803200e+09 -8.36889688e+05 -4.87453125e+05
 -2.28317625e+05 -2.31252480e+04 -4.81063906e+05 -1.16931760e+08
 -1.69182088e+06 -1.27832922e+09 -3.35620688e+05 -1.27436650e+06
 -2.04886172e+05 -1.62397811e+09 -7.38779875e+05 -8.31995469e+04
 -1.36264672e+05 -1.17795791e+04 -6.83031000e+05 -4.68318555e+03
 -1.57728047e+05 -3.09873770e+04 -7.12775936e+08 -6.21434258e+04
 -2.67322781e+05 -9.59610312e+05 -6.97514320e+07 -5.08064805e+04
 -2.24440844e+05 -3.24605625e+05 -7.59133835e+01 -1.00773162e+06
 -2.31884969e+05 -6.62011914e+03 -4.00987594e+05 -1.33959883e+04
 -3.97013472e+08 -3.54572480e+07 -1.05922988e+06 -3.75773906e+05
 -1.61743938e+05 -1.94830742e+04 -1.39829297e+05 -9.34574912e+08
 -7.82424316e+03 -2.43977375e+01 -6.76807562e+05 -2.49203438e+04
 -1.17847812e+04 -1.38339174e+09 -3.49465406e+05 -5.00433906e+05
 -2.01075844e+05 -4.99082880e+07 -7.66462912e+08 -3.55858156e+05
 -9.87896400e+07 -4.19517656e+05 -1.67493562e+06 -6.05663188e+05
 -9.74322812e+04 -4.01336806e+09 -4.73518387e+09 -7.43025101e+09
 -9.40875195e+03 -1.18360875e+06 -8.40319100e+06 -6.50859000e+05
 -3.30095078e+04 -1.27012992e+05 -1.16235088e+06 -2.26654188e+05
 -3.08434125e+05 -4.88829250e+05 -5.81651523e+04 -1.06849375e+06
 -1.03741965e+09 -8.48193600e+06 -6.78659844e+04 -2.51988145e+04]
Namespace(hidden_layer=100, learning_rate=30.0, optimizer='gradient', train_steps=30)
{'accuracy': 0.44444445, 'accuracy_baseline': 0.5555556, 'auc': 0.49999994, 'auc_precision_recall': 0.77777773, 'average_loss': 48.472763, 'label/mean': 0.5555556, 'loss': 2181.2744, 'prediction/mean': 1.2805081e-38, 'global_step': 3}
[-3.64210562e+05 -1.79197953e+05 -1.50630140e+07 -1.13354112e+09
 -5.65167383e+03 -8.96545250e+05 -1.72568812e+05 -3.79017656e+04
 -1.42599072e+04 -1.36572844e+05 -2.04649125e+05 -1.59594982e+09
 -1.54734250e+05 -8.33883438e+05 -2.55486719e+05 -3.59177156e+05
 -2.15646125e+05 -4.53711312e+05 -2.44047053e+09 -3.84658406e+05
 -2.10682484e+05 -6.42803200e+09 -8.36889688e+05 -4.87453125e+05
 -2.28317625e+05 -2.31252480e+04 -4.81063906e+05 -1.16931760e+08
 -1.69182088e+06 -1.27832922e+09 -3.35620688e+05 -1.27436650e+06
 -2.04886172e+05 -1.62397811e+09 -7.38779875e+05 -8.31995469e+04
 -1.36264672e+05 -1.17795791e+04 -6.83031000e+05 -4.68318555e+03
 -1.57728047e+05 -3.09873770e+04 -7.12775936e+08 -6.21434258e+04
 -2.67322781e+05 -9.59610312e+05 -6.97514320e+07 -5.08064805e+04
 -2.24440844e+05 -3.24605625e+05 -7.59133835e+01 -1.00773162e+06
 -2.31884969e+05 -6.62011914e+03 -4.00987594e+05 -1.33959883e+04
 -3.97013472e+08 -3.54572480e+07 -1.05922988e+06 -3.75773906e+05
 -1.61743938e+05 -1.94830742e+04 -1.39829297e+05 -9.34574912e+08
 -7.82424316e+03 -2.43977375e+01 -6.76807562e+05 -2.49203438e+04
 -1.17847812e+04 -1.38339174e+09 -3.49465406e+05 -5.00433906e+05
 -2.01075844e+05 -4.99082880e+07 -7.66462912e+08 -3.55858156e+05
 -9.87896400e+07 -4.19517656e+05 -1.67493562e+06 -6.05663188e+05
 -9.74322812e+04 -4.01336806e+09 -4.73518387e+09 -7.43025101e+09
 -9.40875195e+03 -1.18360875e+06 -8.40319100e+06 -6.50859000e+05
 -3.30095078e+04 -1.27012992e+05 -1.16235088e+06 -2.26654188e+05
 -3.08434125e+05 -4.88829250e+05 -5.81651523e+04 -1.06849375e+06
 -1.03741965e+09 -8.48193600e+06 -6.78659844e+04 -2.51988145e+04]
Namespace(hidden_layer=100, learning_rate=30.0, optimizer='gradient', train_steps=30)
{'accuracy': 0.5555556, 'accuracy_baseline': 0.5555556, 'auc': 0.49999994, 'auc_precision_recall': 0.77777773, 'average_loss': 2627.8884, 'label/mean': 0.5555556, 'loss': 118254.984, 'prediction/mean': 1.0, 'global_step': 4}
[-3.64210562e+05 -1.79197953e+05 -1.50630140e+07 -1.13354112e+09
 -5.65167383e+03 -8.96545250e+05 -1.72568812e+05 -3.79017656e+04
 -1.42599072e+04 -1.36572844e+05 -2.04649125e+05 -1.59594982e+09
 -1.54734250e+05 -8.33883438e+05 -2.55486719e+05 -3.59177156e+05
 -2.15646125e+05 -4.53711312e+05 -2.44047053e+09 -3.84658406e+05
 -2.10682484e+05 -6.42803200e+09 -8.36889688e+05 -4.87453125e+05
 -2.28317625e+05 -2.31252480e+04 -4.81063906e+05 -1.16931760e+08
 -1.69182088e+06 -1.27832922e+09 -3.35620688e+05 -1.27436650e+06
 -2.04886172e+05 -1.62397811e+09 -7.38779875e+05 -8.31995469e+04
 -1.36264672e+05 -1.17795791e+04 -6.83031000e+05 -4.68318555e+03
 -1.57728047e+05 -3.09873770e+04 -7.12775936e+08 -6.21434258e+04
 -2.67322781e+05 -9.59610312e+05 -6.97514320e+07 -5.08064805e+04
 -2.24440844e+05 -3.24605625e+05 -7.59133835e+01 -1.00773162e+06
 -2.31884969e+05 -6.62011914e+03 -4.00987594e+05 -1.33959883e+04
 -3.97013472e+08 -3.54572480e+07 -1.05922988e+06 -3.75773906e+05
 -1.61743938e+05 -1.94830742e+04 -1.39829297e+05 -9.34574912e+08
 -7.82424316e+03 -2.43977375e+01 -6.76807562e+05 -2.49203438e+04
 -1.17847812e+04 -1.38339174e+09 -3.49465406e+05 -5.00433906e+05
 -2.01075844e+05 -4.99082880e+07 -7.66462912e+08 -3.55858156e+05
 -9.87896400e+07 -4.19517656e+05 -1.67493562e+06 -6.05663188e+05
 -9.74322812e+04 -4.01336806e+09 -4.73518387e+09 -7.43025101e+09
 -9.40875195e+03 -1.18360875e+06 -8.40319100e+06 -6.50859000e+05
 -3.30095078e+04 -1.27012992e+05 -1.16235088e+06 -2.26654188e+05
 -3.08434125e+05 -4.88829250e+05 -5.81651523e+04 -1.06849375e+06
 -1.03741965e+09 -8.48193600e+06 -6.78659844e+04 -2.51988145e+04]
Namespace(hidden_layer=100, learning_rate=30.0, optimizer='gradient', train_steps=30)
{'accuracy': 0.44444445, 'accuracy_baseline': 0.5555556, 'auc': 0.49999994, 'auc_precision_recall': 0.77777773, 'average_loss': 131.80609, 'label/mean': 0.5555556, 'loss': 5931.2744, 'prediction/mean': 0.0, 'global_step': 5}
[-3.64210562e+05 -1.79197953e+05 -1.50630140e+07 -1.13354112e+09
 -5.65167383e+03 -8.96545250e+05 -1.72568812e+05 -3.79017656e+04
 -1.42599072e+04 -1.36572844e+05 -2.04649125e+05 -1.59594982e+09
 -1.54734250e+05 -8.33883438e+05 -2.55486719e+05 -3.59177156e+05
 -2.15646125e+05 -4.53711312e+05 -2.44047053e+09 -3.84658406e+05
 -2.10682484e+05 -6.42803200e+09 -8.36889688e+05 -4.87453125e+05
 -2.28317625e+05 -2.31252480e+04 -4.81063906e+05 -1.16931760e+08
 -1.69182088e+06 -1.27832922e+09 -3.35620688e+05 -1.27436650e+06
 -2.04886172e+05 -1.62397811e+09 -7.38779875e+05 -8.31995469e+04
 -1.36264672e+05 -1.17795791e+04 -6.83031000e+05 -4.68318555e+03
 -1.57728047e+05 -3.09873770e+04 -7.12775936e+08 -6.21434258e+04
 -2.67322781e+05 -9.59610312e+05 -6.97514320e+07 -5.08064805e+04
 -2.24440844e+05 -3.24605625e+05 -7.59133835e+01 -1.00773162e+06
 -2.31884969e+05 -6.62011914e+03 -4.00987594e+05 -1.33959883e+04
 -3.97013472e+08 -3.54572480e+07 -1.05922988e+06 -3.75773906e+05
 -1.61743938e+05 -1.94830742e+04 -1.39829297e+05 -9.34574912e+08
 -7.82424316e+03 -2.43977375e+01 -6.76807562e+05 -2.49203438e+04
 -1.17847812e+04 -1.38339174e+09 -3.49465406e+05 -5.00433906e+05
 -2.01075844e+05 -4.99082880e+07 -7.66462912e+08 -3.55858156e+05
 -9.87896400e+07 -4.19517656e+05 -1.67493562e+06 -6.05663188e+05
 -9.74322812e+04 -4.01336806e+09 -4.73518387e+09 -7.43025101e+09
 -9.40875195e+03 -1.18360875e+06 -8.40319100e+06 -6.50859000e+05
 -3.30095078e+04 -1.27012992e+05 -1.16235088e+06 -2.26654188e+05
 -3.08434125e+05 -4.88829250e+05 -5.81651523e+04 -1.06849375e+06
 -1.03741965e+09 -8.48193600e+06 -6.78659844e+04 -2.51988145e+04]
Namespace(hidden_layer=100, learning_rate=30.0, optimizer='gradient', train_steps=30)
{'accuracy': 0.5555556, 'accuracy_baseline': 0.5555556, 'auc': 0.49999994, 'auc_precision_recall': 0.77777773, 'average_loss': 2561.222, 'label/mean': 0.5555556, 'loss': 115254.984, 'prediction/mean': 1.0, 'global_step': 6}
[-3.64210562e+05 -1.79197953e+05 -1.50630140e+07 -1.13354112e+09
 -5.65167383e+03 -8.96545250e+05 -1.72568812e+05 -3.79017656e+04
 -1.42599072e+04 -1.36572844e+05 -2.04649125e+05 -1.59594982e+09
 -1.54734250e+05 -8.33883438e+05 -2.55486719e+05 -3.59177156e+05
 -2.15646125e+05 -4.53711312e+05 -2.44047053e+09 -3.84658406e+05
 -2.10682484e+05 -6.42803200e+09 -8.36889688e+05 -4.87453125e+05
 -2.28317625e+05 -2.31252480e+04 -4.81063906e+05 -1.16931760e+08
 -1.69182088e+06 -1.27832922e+09 -3.35620688e+05 -1.27436650e+06
 -2.04886172e+05 -1.62397811e+09 -7.38779875e+05 -8.31995469e+04
 -1.36264672e+05 -1.17795791e+04 -6.83031000e+05 -4.68318555e+03
 -1.57728047e+05 -3.09873770e+04 -7.12775936e+08 -6.21434258e+04
 -2.67322781e+05 -9.59610312e+05 -6.97514320e+07 -5.08064805e+04
 -2.24440844e+05 -3.24605625e+05 -7.59133835e+01 -1.00773162e+06
 -2.31884969e+05 -6.62011914e+03 -4.00987594e+05 -1.33959883e+04
 -3.97013472e+08 -3.54572480e+07 -1.05922988e+06 -3.75773906e+05
 -1.61743938e+05 -1.94830742e+04 -1.39829297e+05 -9.34574912e+08
 -7.82424316e+03 -2.43977375e+01 -6.76807562e+05 -2.49203438e+04
 -1.17847812e+04 -1.38339174e+09 -3.49465406e+05 -5.00433906e+05
 -2.01075844e+05 -4.99082880e+07 -7.66462912e+08 -3.55858156e+05
 -9.87896400e+07 -4.19517656e+05 -1.67493562e+06 -6.05663188e+05
 -9.74322812e+04 -4.01336806e+09 -4.73518387e+09 -7.43025101e+09
 -9.40875195e+03 -1.18360875e+06 -8.40319100e+06 -6.50859000e+05
 -3.30095078e+04 -1.27012992e+05 -1.16235088e+06 -2.26654188e+05
 -3.08434125e+05 -4.88829250e+05 -5.81651523e+04 -1.06849375e+06
 -1.03741965e+09 -8.48193600e+06 -6.78659844e+04 -2.51988145e+04]
Namespace(hidden_layer=100, learning_rate=30.0, optimizer='gradient', train_steps=30)
{'accuracy': 0.44444445, 'accuracy_baseline': 0.5555556, 'auc': 0.49999994, 'auc_precision_recall': 0.77777773, 'average_loss': 215.13943, 'label/mean': 0.5555556, 'loss': 9681.274, 'prediction/mean': 0.0, 'global_step': 7}
[-3.64210562e+05 -1.79197953e+05 -1.50630140e+07 -1.13354112e+09
 -5.65167383e+03 -8.96545250e+05 -1.72568812e+05 -3.79017656e+04
 -1.42599072e+04 -1.36572844e+05 -2.04649125e+05 -1.59594982e+09
 -1.54734250e+05 -8.33883438e+05 -2.55486719e+05 -3.59177156e+05
 -2.15646125e+05 -4.53711312e+05 -2.44047053e+09 -3.84658406e+05
 -2.10682484e+05 -6.42803200e+09 -8.36889688e+05 -4.87453125e+05
 -2.28317625e+05 -2.31252480e+04 -4.81063906e+05 -1.16931760e+08
 -1.69182088e+06 -1.27832922e+09 -3.35620688e+05 -1.27436650e+06
 -2.04886172e+05 -1.62397811e+09 -7.38779875e+05 -8.31995469e+04
 -1.36264672e+05 -1.17795791e+04 -6.83031000e+05 -4.68318555e+03
 -1.57728047e+05 -3.09873770e+04 -7.12775936e+08 -6.21434258e+04
 -2.67322781e+05 -9.59610312e+05 -6.97514320e+07 -5.08064805e+04
 -2.24440844e+05 -3.24605625e+05 -7.59133835e+01 -1.00773162e+06
 -2.31884969e+05 -6.62011914e+03 -4.00987594e+05 -1.33959883e+04
 -3.97013472e+08 -3.54572480e+07 -1.05922988e+06 -3.75773906e+05
 -1.61743938e+05 -1.94830742e+04 -1.39829297e+05 -9.34574912e+08
 -7.82424316e+03 -2.43977375e+01 -6.76807562e+05 -2.49203438e+04
 -1.17847812e+04 -1.38339174e+09 -3.49465406e+05 -5.00433906e+05
 -2.01075844e+05 -4.99082880e+07 -7.66462912e+08 -3.55858156e+05
 -9.87896400e+07 -4.19517656e+05 -1.67493562e+06 -6.05663188e+05
 -9.74322812e+04 -4.01336806e+09 -4.73518387e+09 -7.43025101e+09
 -9.40875195e+03 -1.18360875e+06 -8.40319100e+06 -6.50859000e+05
 -3.30095078e+04 -1.27012992e+05 -1.16235088e+06 -2.26654188e+05
 -3.08434125e+05 -4.88829250e+05 -5.81651523e+04 -1.06849375e+06
 -1.03741965e+09 -8.48193600e+06 -6.78659844e+04 -2.51988145e+04]
Namespace(hidden_layer=100, learning_rate=30.0, optimizer='gradient', train_steps=30)
{'accuracy': 0.5555556, 'accuracy_baseline': 0.5555556, 'auc': 0.49999994, 'auc_precision_recall': 0.77777773, 'average_loss': 2494.5552, 'label/mean': 0.5555556, 'loss': 112254.984, 'prediction/mean': 1.0, 'global_step': 8}
[-3.64210562e+05 -1.79197953e+05 -1.50630140e+07 -1.13354112e+09
 -5.65167383e+03 -8.96545250e+05 -1.72568812e+05 -3.79017656e+04
 -1.42599072e+04 -1.36572844e+05 -2.04649125e+05 -1.59594982e+09
 -1.54734250e+05 -8.33883438e+05 -2.55486719e+05 -3.59177156e+05
 -2.15646125e+05 -4.53711312e+05 -2.44047053e+09 -3.84658406e+05
 -2.10682484e+05 -6.42803200e+09 -8.36889688e+05 -4.87453125e+05
 -2.28317625e+05 -2.31252480e+04 -4.81063906e+05 -1.16931760e+08
 -1.69182088e+06 -1.27832922e+09 -3.35620688e+05 -1.27436650e+06
 -2.04886172e+05 -1.62397811e+09 -7.38779875e+05 -8.31995469e+04
 -1.36264672e+05 -1.17795791e+04 -6.83031000e+05 -4.68318555e+03
 -1.57728047e+05 -3.09873770e+04 -7.12775936e+08 -6.21434258e+04
 -2.67322781e+05 -9.59610312e+05 -6.97514320e+07 -5.08064805e+04
 -2.24440844e+05 -3.24605625e+05 -7.59133835e+01 -1.00773162e+06
 -2.31884969e+05 -6.62011914e+03 -4.00987594e+05 -1.33959883e+04
 -3.97013472e+08 -3.54572480e+07 -1.05922988e+06 -3.75773906e+05
 -1.61743938e+05 -1.94830742e+04 -1.39829297e+05 -9.34574912e+08
 -7.82424316e+03 -2.43977375e+01 -6.76807562e+05 -2.49203438e+04
 -1.17847812e+04 -1.38339174e+09 -3.49465406e+05 -5.00433906e+05
 -2.01075844e+05 -4.99082880e+07 -7.66462912e+08 -3.55858156e+05
 -9.87896400e+07 -4.19517656e+05 -1.67493562e+06 -6.05663188e+05
 -9.74322812e+04 -4.01336806e+09 -4.73518387e+09 -7.43025101e+09
 -9.40875195e+03 -1.18360875e+06 -8.40319100e+06 -6.50859000e+05
 -3.30095078e+04 -1.27012992e+05 -1.16235088e+06 -2.26654188e+05
 -3.08434125e+05 -4.88829250e+05 -5.81651523e+04 -1.06849375e+06
 -1.03741965e+09 -8.48193600e+06 -6.78659844e+04 -2.51988145e+04]
Namespace(hidden_layer=100, learning_rate=30.0, optimizer='gradient', train_steps=30)
{'accuracy': 0.44444445, 'accuracy_baseline': 0.5555556, 'auc': 0.49999994, 'auc_precision_recall': 0.77777773, 'average_loss': 298.47278, 'label/mean': 0.5555556, 'loss': 13431.274, 'prediction/mean': 0.0, 'global_step': 9}
[-3.64210562e+05 -1.79197953e+05 -1.50630140e+07 -1.13354112e+09
 -5.65167383e+03 -8.96545250e+05 -1.72568812e+05 -3.79017656e+04
 -1.42599072e+04 -1.36572844e+05 -2.04649125e+05 -1.59594982e+09
 -1.54734250e+05 -8.33883438e+05 -2.55486719e+05 -3.59177156e+05
 -2.15646125e+05 -4.53711312e+05 -2.44047053e+09 -3.84658406e+05
 -2.10682484e+05 -6.42803200e+09 -8.36889688e+05 -4.87453125e+05
 -2.28317625e+05 -2.31252480e+04 -4.81063906e+05 -1.16931760e+08
 -1.69182088e+06 -1.27832922e+09 -3.35620688e+05 -1.27436650e+06
 -2.04886172e+05 -1.62397811e+09 -7.38779875e+05 -8.31995469e+04
 -1.36264672e+05 -1.17795791e+04 -6.83031000e+05 -4.68318555e+03
 -1.57728047e+05 -3.09873770e+04 -7.12775936e+08 -6.21434258e+04
 -2.67322781e+05 -9.59610312e+05 -6.97514320e+07 -5.08064805e+04
 -2.24440844e+05 -3.24605625e+05 -7.59133835e+01 -1.00773162e+06
 -2.31884969e+05 -6.62011914e+03 -4.00987594e+05 -1.33959883e+04
 -3.97013472e+08 -3.54572480e+07 -1.05922988e+06 -3.75773906e+05
 -1.61743938e+05 -1.94830742e+04 -1.39829297e+05 -9.34574912e+08
 -7.82424316e+03 -2.43977375e+01 -6.76807562e+05 -2.49203438e+04
 -1.17847812e+04 -1.38339174e+09 -3.49465406e+05 -5.00433906e+05
 -2.01075844e+05 -4.99082880e+07 -7.66462912e+08 -3.55858156e+05
 -9.87896400e+07 -4.19517656e+05 -1.67493562e+06 -6.05663188e+05
 -9.74322812e+04 -4.01336806e+09 -4.73518387e+09 -7.43025101e+09
 -9.40875195e+03 -1.18360875e+06 -8.40319100e+06 -6.50859000e+05
 -3.30095078e+04 -1.27012992e+05 -1.16235088e+06 -2.26654188e+05
 -3.08434125e+05 -4.88829250e+05 -5.81651523e+04 -1.06849375e+06
 -1.03741965e+09 -8.48193600e+06 -6.78659844e+04 -2.51988145e+04]
Namespace(hidden_layer=100, learning_rate=30.0, optimizer='gradient', train_steps=30)
{'accuracy': 0.5555556, 'accuracy_baseline': 0.5555556, 'auc': 0.49999994, 'auc_precision_recall': 0.77777773, 'average_loss': 2427.8884, 'label/mean': 0.5555556, 'loss': 109254.984, 'prediction/mean': 1.0, 'global_step': 10}
[-3.64210562e+05 -1.79197953e+05 -1.50630140e+07 -1.13354112e+09
 -5.65167383e+03 -8.96545250e+05 -1.72568812e+05 -3.79017656e+04
 -1.42599072e+04 -1.36572844e+05 -2.04649125e+05 -1.59594982e+09
 -1.54734250e+05 -8.33883438e+05 -2.55486719e+05 -3.59177156e+05
 -2.15646125e+05 -4.53711312e+05 -2.44047053e+09 -3.84658406e+05
 -2.10682484e+05 -6.42803200e+09 -8.36889688e+05 -4.87453125e+05
 -2.28317625e+05 -2.31252480e+04 -4.81063906e+05 -1.16931760e+08
 -1.69182088e+06 -1.27832922e+09 -3.35620688e+05 -1.27436650e+06
 -2.04886172e+05 -1.62397811e+09 -7.38779875e+05 -8.31995469e+04
 -1.36264672e+05 -1.17795791e+04 -6.83031000e+05 -4.68318555e+03
 -1.57728047e+05 -3.09873770e+04 -7.12775936e+08 -6.21434258e+04
 -2.67322781e+05 -9.59610312e+05 -6.97514320e+07 -5.08064805e+04
 -2.24440844e+05 -3.24605625e+05 -7.59133835e+01 -1.00773162e+06
 -2.31884969e+05 -6.62011914e+03 -4.00987594e+05 -1.33959883e+04
 -3.97013472e+08 -3.54572480e+07 -1.05922988e+06 -3.75773906e+05
 -1.61743938e+05 -1.94830742e+04 -1.39829297e+05 -9.34574912e+08
 -7.82424316e+03 -2.43977375e+01 -6.76807562e+05 -2.49203438e+04
 -1.17847812e+04 -1.38339174e+09 -3.49465406e+05 -5.00433906e+05
 -2.01075844e+05 -4.99082880e+07 -7.66462912e+08 -3.55858156e+05
 -9.87896400e+07 -4.19517656e+05 -1.67493562e+06 -6.05663188e+05
 -9.74322812e+04 -4.01336806e+09 -4.73518387e+09 -7.43025101e+09
 -9.40875195e+03 -1.18360875e+06 -8.40319100e+06 -6.50859000e+05
 -3.30095078e+04 -1.27012992e+05 -1.16235088e+06 -2.26654188e+05
 -3.08434125e+05 -4.88829250e+05 -5.81651523e+04 -1.06849375e+06
 -1.03741965e+09 -8.48193600e+06 -6.78659844e+04 -2.51988145e+04]
Namespace(hidden_layer=100, learning_rate=30.0, optimizer='gradient', train_steps=30)
{'accuracy': 0.44444445, 'accuracy_baseline': 0.5555556, 'auc': 0.49999994, 'auc_precision_recall': 0.77777773, 'average_loss': 381.8061, 'label/mean': 0.5555556, 'loss': 17181.273, 'prediction/mean': 0.0, 'global_step': 11}
[-3.64210562e+05 -1.79197953e+05 -1.50630140e+07 -1.13354112e+09
 -5.65167383e+03 -8.96545250e+05 -1.72568812e+05 -3.79017656e+04
 -1.42599072e+04 -1.36572844e+05 -2.04649125e+05 -1.59594982e+09
 -1.54734250e+05 -8.33883438e+05 -2.55486719e+05 -3.59177156e+05
 -2.15646125e+05 -4.53711312e+05 -2.44047053e+09 -3.84658406e+05
 -2.10682484e+05 -6.42803200e+09 -8.36889688e+05 -4.87453125e+05
 -2.28317625e+05 -2.31252480e+04 -4.81063906e+05 -1.16931760e+08
 -1.69182088e+06 -1.27832922e+09 -3.35620688e+05 -1.27436650e+06
 -2.04886172e+05 -1.62397811e+09 -7.38779875e+05 -8.31995469e+04
 -1.36264672e+05 -1.17795791e+04 -6.83031000e+05 -4.68318555e+03
 -1.57728047e+05 -3.09873770e+04 -7.12775936e+08 -6.21434258e+04
 -2.67322781e+05 -9.59610312e+05 -6.97514320e+07 -5.08064805e+04
 -2.24440844e+05 -3.24605625e+05 -7.59133835e+01 -1.00773162e+06
 -2.31884969e+05 -6.62011914e+03 -4.00987594e+05 -1.33959883e+04
 -3.97013472e+08 -3.54572480e+07 -1.05922988e+06 -3.75773906e+05
 -1.61743938e+05 -1.94830742e+04 -1.39829297e+05 -9.34574912e+08
 -7.82424316e+03 -2.43977375e+01 -6.76807562e+05 -2.49203438e+04
 -1.17847812e+04 -1.38339174e+09 -3.49465406e+05 -5.00433906e+05
 -2.01075844e+05 -4.99082880e+07 -7.66462912e+08 -3.55858156e+05
 -9.87896400e+07 -4.19517656e+05 -1.67493562e+06 -6.05663188e+05
 -9.74322812e+04 -4.01336806e+09 -4.73518387e+09 -7.43025101e+09
 -9.40875195e+03 -1.18360875e+06 -8.40319100e+06 -6.50859000e+05
 -3.30095078e+04 -1.27012992e+05 -1.16235088e+06 -2.26654188e+05
 -3.08434125e+05 -4.88829250e+05 -5.81651523e+04 -1.06849375e+06
 -1.03741965e+09 -8.48193600e+06 -6.78659844e+04 -2.51988145e+04]
Namespace(hidden_layer=100, learning_rate=30.0, optimizer='gradient', train_steps=30)
{'accuracy': 0.5555556, 'accuracy_baseline': 0.5555556, 'auc': 0.49999994, 'auc_precision_recall': 0.77777773, 'average_loss': 2361.222, 'label/mean': 0.5555556, 'loss': 106254.984, 'prediction/mean': 1.0, 'global_step': 12}
[-3.64210562e+05 -1.79197953e+05 -1.50630140e+07 -1.13354112e+09
 -5.65167383e+03 -8.96545250e+05 -1.72568812e+05 -3.79017656e+04
 -1.42599072e+04 -1.36572844e+05 -2.04649125e+05 -1.59594982e+09
 -1.54734250e+05 -8.33883438e+05 -2.55486719e+05 -3.59177156e+05
 -2.15646125e+05 -4.53711312e+05 -2.44047053e+09 -3.84658406e+05
 -2.10682484e+05 -6.42803200e+09 -8.36889688e+05 -4.87453125e+05
 -2.28317625e+05 -2.31252480e+04 -4.81063906e+05 -1.16931760e+08
 -1.69182088e+06 -1.27832922e+09 -3.35620688e+05 -1.27436650e+06
 -2.04886172e+05 -1.62397811e+09 -7.38779875e+05 -8.31995469e+04
 -1.36264672e+05 -1.17795791e+04 -6.83031000e+05 -4.68318555e+03
 -1.57728047e+05 -3.09873770e+04 -7.12775936e+08 -6.21434258e+04
 -2.67322781e+05 -9.59610312e+05 -6.97514320e+07 -5.08064805e+04
 -2.24440844e+05 -3.24605625e+05 -7.59133835e+01 -1.00773162e+06
 -2.31884969e+05 -6.62011914e+03 -4.00987594e+05 -1.33959883e+04
 -3.97013472e+08 -3.54572480e+07 -1.05922988e+06 -3.75773906e+05
 -1.61743938e+05 -1.94830742e+04 -1.39829297e+05 -9.34574912e+08
 -7.82424316e+03 -2.43977375e+01 -6.76807562e+05 -2.49203438e+04
 -1.17847812e+04 -1.38339174e+09 -3.49465406e+05 -5.00433906e+05
 -2.01075844e+05 -4.99082880e+07 -7.66462912e+08 -3.55858156e+05
 -9.87896400e+07 -4.19517656e+05 -1.67493562e+06 -6.05663188e+05
 -9.74322812e+04 -4.01336806e+09 -4.73518387e+09 -7.43025101e+09
 -9.40875195e+03 -1.18360875e+06 -8.40319100e+06 -6.50859000e+05
 -3.30095078e+04 -1.27012992e+05 -1.16235088e+06 -2.26654188e+05
 -3.08434125e+05 -4.88829250e+05 -5.81651523e+04 -1.06849375e+06
 -1.03741965e+09 -8.48193600e+06 -6.78659844e+04 -2.51988145e+04]
Namespace(hidden_layer=100, learning_rate=30.0, optimizer='gradient', train_steps=30)
{'accuracy': 0.44444445, 'accuracy_baseline': 0.5555556, 'auc': 0.49999994, 'auc_precision_recall': 0.77777773, 'average_loss': 465.1394, 'label/mean': 0.5555556, 'loss': 20931.273, 'prediction/mean': 0.0, 'global_step': 13}
[-3.64210562e+05 -1.79197953e+05 -1.50630140e+07 -1.13354112e+09
 -5.65167383e+03 -8.96545250e+05 -1.72568812e+05 -3.79017656e+04
 -1.42599072e+04 -1.36572844e+05 -2.04649125e+05 -1.59594982e+09
 -1.54734250e+05 -8.33883438e+05 -2.55486719e+05 -3.59177156e+05
 -2.15646125e+05 -4.53711312e+05 -2.44047053e+09 -3.84658406e+05
 -2.10682484e+05 -6.42803200e+09 -8.36889688e+05 -4.87453125e+05
 -2.28317625e+05 -2.31252480e+04 -4.81063906e+05 -1.16931760e+08
 -1.69182088e+06 -1.27832922e+09 -3.35620688e+05 -1.27436650e+06
 -2.04886172e+05 -1.62397811e+09 -7.38779875e+05 -8.31995469e+04
 -1.36264672e+05 -1.17795791e+04 -6.83031000e+05 -4.68318555e+03
 -1.57728047e+05 -3.09873770e+04 -7.12775936e+08 -6.21434258e+04
 -2.67322781e+05 -9.59610312e+05 -6.97514320e+07 -5.08064805e+04
 -2.24440844e+05 -3.24605625e+05 -7.59133835e+01 -1.00773162e+06
 -2.31884969e+05 -6.62011914e+03 -4.00987594e+05 -1.33959883e+04
 -3.97013472e+08 -3.54572480e+07 -1.05922988e+06 -3.75773906e+05
 -1.61743938e+05 -1.94830742e+04 -1.39829297e+05 -9.34574912e+08
 -7.82424316e+03 -2.43977375e+01 -6.76807562e+05 -2.49203438e+04
 -1.17847812e+04 -1.38339174e+09 -3.49465406e+05 -5.00433906e+05
 -2.01075844e+05 -4.99082880e+07 -7.66462912e+08 -3.55858156e+05
 -9.87896400e+07 -4.19517656e+05 -1.67493562e+06 -6.05663188e+05
 -9.74322812e+04 -4.01336806e+09 -4.73518387e+09 -7.43025101e+09
 -9.40875195e+03 -1.18360875e+06 -8.40319100e+06 -6.50859000e+05
 -3.30095078e+04 -1.27012992e+05 -1.16235088e+06 -2.26654188e+05
 -3.08434125e+05 -4.88829250e+05 -5.81651523e+04 -1.06849375e+06
 -1.03741965e+09 -8.48193600e+06 -6.78659844e+04 -2.51988145e+04]
Namespace(hidden_layer=100, learning_rate=30.0, optimizer='gradient', train_steps=30)
{'accuracy': 0.5555556, 'accuracy_baseline': 0.5555556, 'auc': 0.49999994, 'auc_precision_recall': 0.77777773, 'average_loss': 2294.5552, 'label/mean': 0.5555556, 'loss': 103254.984, 'prediction/mean': 1.0, 'global_step': 14}
[-3.64210562e+05 -1.79197953e+05 -1.50630140e+07 -1.13354112e+09
 -5.65167383e+03 -8.96545250e+05 -1.72568812e+05 -3.79017656e+04
 -1.42599072e+04 -1.36572844e+05 -2.04649125e+05 -1.59594982e+09
 -1.54734250e+05 -8.33883438e+05 -2.55486719e+05 -3.59177156e+05
 -2.15646125e+05 -4.53711312e+05 -2.44047053e+09 -3.84658406e+05
 -2.10682484e+05 -6.42803200e+09 -8.36889688e+05 -4.87453125e+05
 -2.28317625e+05 -2.31252480e+04 -4.81063906e+05 -1.16931760e+08
 -1.69182088e+06 -1.27832922e+09 -3.35620688e+05 -1.27436650e+06
 -2.04886172e+05 -1.62397811e+09 -7.38779875e+05 -8.31995469e+04
 -1.36264672e+05 -1.17795791e+04 -6.83031000e+05 -4.68318555e+03
 -1.57728047e+05 -3.09873770e+04 -7.12775936e+08 -6.21434258e+04
 -2.67322781e+05 -9.59610312e+05 -6.97514320e+07 -5.08064805e+04
 -2.24440844e+05 -3.24605625e+05 -7.59133835e+01 -1.00773162e+06
 -2.31884969e+05 -6.62011914e+03 -4.00987594e+05 -1.33959883e+04
 -3.97013472e+08 -3.54572480e+07 -1.05922988e+06 -3.75773906e+05
 -1.61743938e+05 -1.94830742e+04 -1.39829297e+05 -9.34574912e+08
 -7.82424316e+03 -2.43977375e+01 -6.76807562e+05 -2.49203438e+04
 -1.17847812e+04 -1.38339174e+09 -3.49465406e+05 -5.00433906e+05
 -2.01075844e+05 -4.99082880e+07 -7.66462912e+08 -3.55858156e+05
 -9.87896400e+07 -4.19517656e+05 -1.67493562e+06 -6.05663188e+05
 -9.74322812e+04 -4.01336806e+09 -4.73518387e+09 -7.43025101e+09
 -9.40875195e+03 -1.18360875e+06 -8.40319100e+06 -6.50859000e+05
 -3.30095078e+04 -1.27012992e+05 -1.16235088e+06 -2.26654188e+05
 -3.08434125e+05 -4.88829250e+05 -5.81651523e+04 -1.06849375e+06
 -1.03741965e+09 -8.48193600e+06 -6.78659844e+04 -2.51988145e+04]
Namespace(hidden_layer=100, learning_rate=30.0, optimizer='gradient', train_steps=30)
{'accuracy': 0.44444445, 'accuracy_baseline': 0.5555556, 'auc': 0.49999994, 'auc_precision_recall': 0.77777773, 'average_loss': 548.4727, 'label/mean': 0.5555556, 'loss': 24681.273, 'prediction/mean': 0.0, 'global_step': 15}
[-3.64210562e+05 -1.79197953e+05 -1.50630140e+07 -1.13354112e+09
 -5.65167383e+03 -8.96545250e+05 -1.72568812e+05 -3.79017656e+04
 -1.42599072e+04 -1.36572844e+05 -2.04649125e+05 -1.59594982e+09
 -1.54734250e+05 -8.33883438e+05 -2.55486719e+05 -3.59177156e+05
 -2.15646125e+05 -4.53711312e+05 -2.44047053e+09 -3.84658406e+05
 -2.10682484e+05 -6.42803200e+09 -8.36889688e+05 -4.87453125e+05
 -2.28317625e+05 -2.31252480e+04 -4.81063906e+05 -1.16931760e+08
 -1.69182088e+06 -1.27832922e+09 -3.35620688e+05 -1.27436650e+06
 -2.04886172e+05 -1.62397811e+09 -7.38779875e+05 -8.31995469e+04
 -1.36264672e+05 -1.17795791e+04 -6.83031000e+05 -4.68318555e+03
 -1.57728047e+05 -3.09873770e+04 -7.12775936e+08 -6.21434258e+04
 -2.67322781e+05 -9.59610312e+05 -6.97514320e+07 -5.08064805e+04
 -2.24440844e+05 -3.24605625e+05 -7.59133835e+01 -1.00773162e+06
 -2.31884969e+05 -6.62011914e+03 -4.00987594e+05 -1.33959883e+04
 -3.97013472e+08 -3.54572480e+07 -1.05922988e+06 -3.75773906e+05
 -1.61743938e+05 -1.94830742e+04 -1.39829297e+05 -9.34574912e+08
 -7.82424316e+03 -2.43977375e+01 -6.76807562e+05 -2.49203438e+04
 -1.17847812e+04 -1.38339174e+09 -3.49465406e+05 -5.00433906e+05
 -2.01075844e+05 -4.99082880e+07 -7.66462912e+08 -3.55858156e+05
 -9.87896400e+07 -4.19517656e+05 -1.67493562e+06 -6.05663188e+05
 -9.74322812e+04 -4.01336806e+09 -4.73518387e+09 -7.43025101e+09
 -9.40875195e+03 -1.18360875e+06 -8.40319100e+06 -6.50859000e+05
 -3.30095078e+04 -1.27012992e+05 -1.16235088e+06 -2.26654188e+05
 -3.08434125e+05 -4.88829250e+05 -5.81651523e+04 -1.06849375e+06
 -1.03741965e+09 -8.48193600e+06 -6.78659844e+04 -2.51988145e+04]
Namespace(hidden_layer=100, learning_rate=30.0, optimizer='gradient', train_steps=30)
{'accuracy': 0.5555556, 'accuracy_baseline': 0.5555556, 'auc': 0.49999994, 'auc_precision_recall': 0.77777773, 'average_loss': 2227.8884, 'label/mean': 0.5555556, 'loss': 100254.984, 'prediction/mean': 1.0, 'global_step': 16}
[-3.64210562e+05 -1.79197953e+05 -1.50630140e+07 -1.13354112e+09
 -5.65167383e+03 -8.96545250e+05 -1.72568812e+05 -3.79017656e+04
 -1.42599072e+04 -1.36572844e+05 -2.04649125e+05 -1.59594982e+09
 -1.54734250e+05 -8.33883438e+05 -2.55486719e+05 -3.59177156e+05
 -2.15646125e+05 -4.53711312e+05 -2.44047053e+09 -3.84658406e+05
 -2.10682484e+05 -6.42803200e+09 -8.36889688e+05 -4.87453125e+05
 -2.28317625e+05 -2.31252480e+04 -4.81063906e+05 -1.16931760e+08
 -1.69182088e+06 -1.27832922e+09 -3.35620688e+05 -1.27436650e+06
 -2.04886172e+05 -1.62397811e+09 -7.38779875e+05 -8.31995469e+04
 -1.36264672e+05 -1.17795791e+04 -6.83031000e+05 -4.68318555e+03
 -1.57728047e+05 -3.09873770e+04 -7.12775936e+08 -6.21434258e+04
 -2.67322781e+05 -9.59610312e+05 -6.97514320e+07 -5.08064805e+04
 -2.24440844e+05 -3.24605625e+05 -7.59133835e+01 -1.00773162e+06
 -2.31884969e+05 -6.62011914e+03 -4.00987594e+05 -1.33959883e+04
 -3.97013472e+08 -3.54572480e+07 -1.05922988e+06 -3.75773906e+05
 -1.61743938e+05 -1.94830742e+04 -1.39829297e+05 -9.34574912e+08
 -7.82424316e+03 -2.43977375e+01 -6.76807562e+05 -2.49203438e+04
 -1.17847812e+04 -1.38339174e+09 -3.49465406e+05 -5.00433906e+05
 -2.01075844e+05 -4.99082880e+07 -7.66462912e+08 -3.55858156e+05
 -9.87896400e+07 -4.19517656e+05 -1.67493562e+06 -6.05663188e+05
 -9.74322812e+04 -4.01336806e+09 -4.73518387e+09 -7.43025101e+09
 -9.40875195e+03 -1.18360875e+06 -8.40319100e+06 -6.50859000e+05
 -3.30095078e+04 -1.27012992e+05 -1.16235088e+06 -2.26654188e+05
 -3.08434125e+05 -4.88829250e+05 -5.81651523e+04 -1.06849375e+06
 -1.03741965e+09 -8.48193600e+06 -6.78659844e+04 -2.51988145e+04]
Namespace(hidden_layer=100, learning_rate=30.0, optimizer='gradient', train_steps=30)
{'accuracy': 0.44444445, 'accuracy_baseline': 0.5555556, 'auc': 0.49999994, 'auc_precision_recall': 0.77777773, 'average_loss': 631.8061, 'label/mean': 0.5555556, 'loss': 28431.273, 'prediction/mean': 0.0, 'global_step': 17}
[-3.64210562e+05 -1.79197953e+05 -1.50630140e+07 -1.13354112e+09
 -5.65167383e+03 -8.96545250e+05 -1.72568812e+05 -3.79017656e+04
 -1.42599072e+04 -1.36572844e+05 -2.04649125e+05 -1.59594982e+09
 -1.54734250e+05 -8.33883438e+05 -2.55486719e+05 -3.59177156e+05
 -2.15646125e+05 -4.53711312e+05 -2.44047053e+09 -3.84658406e+05
 -2.10682484e+05 -6.42803200e+09 -8.36889688e+05 -4.87453125e+05
 -2.28317625e+05 -2.31252480e+04 -4.81063906e+05 -1.16931760e+08
 -1.69182088e+06 -1.27832922e+09 -3.35620688e+05 -1.27436650e+06
 -2.04886172e+05 -1.62397811e+09 -7.38779875e+05 -8.31995469e+04
 -1.36264672e+05 -1.17795791e+04 -6.83031000e+05 -4.68318555e+03
 -1.57728047e+05 -3.09873770e+04 -7.12775936e+08 -6.21434258e+04
 -2.67322781e+05 -9.59610312e+05 -6.97514320e+07 -5.08064805e+04
 -2.24440844e+05 -3.24605625e+05 -7.59133835e+01 -1.00773162e+06
 -2.31884969e+05 -6.62011914e+03 -4.00987594e+05 -1.33959883e+04
 -3.97013472e+08 -3.54572480e+07 -1.05922988e+06 -3.75773906e+05
 -1.61743938e+05 -1.94830742e+04 -1.39829297e+05 -9.34574912e+08
 -7.82424316e+03 -2.43977375e+01 -6.76807562e+05 -2.49203438e+04
 -1.17847812e+04 -1.38339174e+09 -3.49465406e+05 -5.00433906e+05
 -2.01075844e+05 -4.99082880e+07 -7.66462912e+08 -3.55858156e+05
 -9.87896400e+07 -4.19517656e+05 -1.67493562e+06 -6.05663188e+05
 -9.74322812e+04 -4.01336806e+09 -4.73518387e+09 -7.43025101e+09
 -9.40875195e+03 -1.18360875e+06 -8.40319100e+06 -6.50859000e+05
 -3.30095078e+04 -1.27012992e+05 -1.16235088e+06 -2.26654188e+05
 -3.08434125e+05 -4.88829250e+05 -5.81651523e+04 -1.06849375e+06
 -1.03741965e+09 -8.48193600e+06 -6.78659844e+04 -2.51988145e+04]
Namespace(hidden_layer=100, learning_rate=30.0, optimizer='gradient', train_steps=30)
{'accuracy': 0.5555556, 'accuracy_baseline': 0.5555556, 'auc': 0.49999994, 'auc_precision_recall': 0.77777773, 'average_loss': 2161.222, 'label/mean': 0.5555556, 'loss': 97254.984, 'prediction/mean': 1.0, 'global_step': 18}
[-3.64210562e+05 -1.79197953e+05 -1.50630140e+07 -1.13354112e+09
 -5.65167383e+03 -8.96545250e+05 -1.72568812e+05 -3.79017656e+04
 -1.42599072e+04 -1.36572844e+05 -2.04649125e+05 -1.59594982e+09
 -1.54734250e+05 -8.33883438e+05 -2.55486719e+05 -3.59177156e+05
 -2.15646125e+05 -4.53711312e+05 -2.44047053e+09 -3.84658406e+05
 -2.10682484e+05 -6.42803200e+09 -8.36889688e+05 -4.87453125e+05
 -2.28317625e+05 -2.31252480e+04 -4.81063906e+05 -1.16931760e+08
 -1.69182088e+06 -1.27832922e+09 -3.35620688e+05 -1.27436650e+06
 -2.04886172e+05 -1.62397811e+09 -7.38779875e+05 -8.31995469e+04
 -1.36264672e+05 -1.17795791e+04 -6.83031000e+05 -4.68318555e+03
 -1.57728047e+05 -3.09873770e+04 -7.12775936e+08 -6.21434258e+04
 -2.67322781e+05 -9.59610312e+05 -6.97514320e+07 -5.08064805e+04
 -2.24440844e+05 -3.24605625e+05 -7.59133835e+01 -1.00773162e+06
 -2.31884969e+05 -6.62011914e+03 -4.00987594e+05 -1.33959883e+04
 -3.97013472e+08 -3.54572480e+07 -1.05922988e+06 -3.75773906e+05
 -1.61743938e+05 -1.94830742e+04 -1.39829297e+05 -9.34574912e+08
 -7.82424316e+03 -2.43977375e+01 -6.76807562e+05 -2.49203438e+04
 -1.17847812e+04 -1.38339174e+09 -3.49465406e+05 -5.00433906e+05
 -2.01075844e+05 -4.99082880e+07 -7.66462912e+08 -3.55858156e+05
 -9.87896400e+07 -4.19517656e+05 -1.67493562e+06 -6.05663188e+05
 -9.74322812e+04 -4.01336806e+09 -4.73518387e+09 -7.43025101e+09
 -9.40875195e+03 -1.18360875e+06 -8.40319100e+06 -6.50859000e+05
 -3.30095078e+04 -1.27012992e+05 -1.16235088e+06 -2.26654188e+05
 -3.08434125e+05 -4.88829250e+05 -5.81651523e+04 -1.06849375e+06
 -1.03741965e+09 -8.48193600e+06 -6.78659844e+04 -2.51988145e+04]
Namespace(hidden_layer=100, learning_rate=30.0, optimizer='gradient', train_steps=30)
{'accuracy': 0.44444445, 'accuracy_baseline': 0.5555556, 'auc': 0.49999994, 'auc_precision_recall': 0.77777773, 'average_loss': 715.1394, 'label/mean': 0.5555556, 'loss': 32181.273, 'prediction/mean': 0.0, 'global_step': 19}
[-3.64210562e+05 -1.79197953e+05 -1.50630140e+07 -1.13354112e+09
 -5.65167383e+03 -8.96545250e+05 -1.72568812e+05 -3.79017656e+04
 -1.42599072e+04 -1.36572844e+05 -2.04649125e+05 -1.59594982e+09
 -1.54734250e+05 -8.33883438e+05 -2.55486719e+05 -3.59177156e+05
 -2.15646125e+05 -4.53711312e+05 -2.44047053e+09 -3.84658406e+05
 -2.10682484e+05 -6.42803200e+09 -8.36889688e+05 -4.87453125e+05
 -2.28317625e+05 -2.31252480e+04 -4.81063906e+05 -1.16931760e+08
 -1.69182088e+06 -1.27832922e+09 -3.35620688e+05 -1.27436650e+06
 -2.04886172e+05 -1.62397811e+09 -7.38779875e+05 -8.31995469e+04
 -1.36264672e+05 -1.17795791e+04 -6.83031000e+05 -4.68318555e+03
 -1.57728047e+05 -3.09873770e+04 -7.12775936e+08 -6.21434258e+04
 -2.67322781e+05 -9.59610312e+05 -6.97514320e+07 -5.08064805e+04
 -2.24440844e+05 -3.24605625e+05 -7.59133835e+01 -1.00773162e+06
 -2.31884969e+05 -6.62011914e+03 -4.00987594e+05 -1.33959883e+04
 -3.97013472e+08 -3.54572480e+07 -1.05922988e+06 -3.75773906e+05
 -1.61743938e+05 -1.94830742e+04 -1.39829297e+05 -9.34574912e+08
 -7.82424316e+03 -2.43977375e+01 -6.76807562e+05 -2.49203438e+04
 -1.17847812e+04 -1.38339174e+09 -3.49465406e+05 -5.00433906e+05
 -2.01075844e+05 -4.99082880e+07 -7.66462912e+08 -3.55858156e+05
 -9.87896400e+07 -4.19517656e+05 -1.67493562e+06 -6.05663188e+05
 -9.74322812e+04 -4.01336806e+09 -4.73518387e+09 -7.43025101e+09
 -9.40875195e+03 -1.18360875e+06 -8.40319100e+06 -6.50859000e+05
 -3.30095078e+04 -1.27012992e+05 -1.16235088e+06 -2.26654188e+05
 -3.08434125e+05 -4.88829250e+05 -5.81651523e+04 -1.06849375e+06
 -1.03741965e+09 -8.48193600e+06 -6.78659844e+04 -2.51988145e+04]
Namespace(hidden_layer=100, learning_rate=30.0, optimizer='gradient', train_steps=30)
{'accuracy': 0.5555556, 'accuracy_baseline': 0.5555556, 'auc': 0.49999994, 'auc_precision_recall': 0.77777773, 'average_loss': 2094.5552, 'label/mean': 0.5555556, 'loss': 94254.984, 'prediction/mean': 1.0, 'global_step': 20}
[-3.64210562e+05 -1.79197953e+05 -1.50630140e+07 -1.13354112e+09
 -5.65167383e+03 -8.96545250e+05 -1.72568812e+05 -3.79017656e+04
 -1.42599072e+04 -1.36572844e+05 -2.04649125e+05 -1.59594982e+09
 -1.54734250e+05 -8.33883438e+05 -2.55486719e+05 -3.59177156e+05
 -2.15646125e+05 -4.53711312e+05 -2.44047053e+09 -3.84658406e+05
 -2.10682484e+05 -6.42803200e+09 -8.36889688e+05 -4.87453125e+05
 -2.28317625e+05 -2.31252480e+04 -4.81063906e+05 -1.16931760e+08
 -1.69182088e+06 -1.27832922e+09 -3.35620688e+05 -1.27436650e+06
 -2.04886172e+05 -1.62397811e+09 -7.38779875e+05 -8.31995469e+04
 -1.36264672e+05 -1.17795791e+04 -6.83031000e+05 -4.68318555e+03
 -1.57728047e+05 -3.09873770e+04 -7.12775936e+08 -6.21434258e+04
 -2.67322781e+05 -9.59610312e+05 -6.97514320e+07 -5.08064805e+04
 -2.24440844e+05 -3.24605625e+05 -7.59133835e+01 -1.00773162e+06
 -2.31884969e+05 -6.62011914e+03 -4.00987594e+05 -1.33959883e+04
 -3.97013472e+08 -3.54572480e+07 -1.05922988e+06 -3.75773906e+05
 -1.61743938e+05 -1.94830742e+04 -1.39829297e+05 -9.34574912e+08
 -7.82424316e+03 -2.43977375e+01 -6.76807562e+05 -2.49203438e+04
 -1.17847812e+04 -1.38339174e+09 -3.49465406e+05 -5.00433906e+05
 -2.01075844e+05 -4.99082880e+07 -7.66462912e+08 -3.55858156e+05
 -9.87896400e+07 -4.19517656e+05 -1.67493562e+06 -6.05663188e+05
 -9.74322812e+04 -4.01336806e+09 -4.73518387e+09 -7.43025101e+09
 -9.40875195e+03 -1.18360875e+06 -8.40319100e+06 -6.50859000e+05
 -3.30095078e+04 -1.27012992e+05 -1.16235088e+06 -2.26654188e+05
 -3.08434125e+05 -4.88829250e+05 -5.81651523e+04 -1.06849375e+06
 -1.03741965e+09 -8.48193600e+06 -6.78659844e+04 -2.51988145e+04]
Namespace(hidden_layer=100, learning_rate=30.0, optimizer='gradient', train_steps=30)
{'accuracy': 0.44444445, 'accuracy_baseline': 0.5555556, 'auc': 0.49999994, 'auc_precision_recall': 0.77777773, 'average_loss': 798.4727, 'label/mean': 0.5555556, 'loss': 35931.273, 'prediction/mean': 0.0, 'global_step': 21}
[-3.64210562e+05 -1.79197953e+05 -1.50630140e+07 -1.13354112e+09
 -5.65167383e+03 -8.96545250e+05 -1.72568812e+05 -3.79017656e+04
 -1.42599072e+04 -1.36572844e+05 -2.04649125e+05 -1.59594982e+09
 -1.54734250e+05 -8.33883438e+05 -2.55486719e+05 -3.59177156e+05
 -2.15646125e+05 -4.53711312e+05 -2.44047053e+09 -3.84658406e+05
 -2.10682484e+05 -6.42803200e+09 -8.36889688e+05 -4.87453125e+05
 -2.28317625e+05 -2.31252480e+04 -4.81063906e+05 -1.16931760e+08
 -1.69182088e+06 -1.27832922e+09 -3.35620688e+05 -1.27436650e+06
 -2.04886172e+05 -1.62397811e+09 -7.38779875e+05 -8.31995469e+04
 -1.36264672e+05 -1.17795791e+04 -6.83031000e+05 -4.68318555e+03
 -1.57728047e+05 -3.09873770e+04 -7.12775936e+08 -6.21434258e+04
 -2.67322781e+05 -9.59610312e+05 -6.97514320e+07 -5.08064805e+04
 -2.24440844e+05 -3.24605625e+05 -7.59133835e+01 -1.00773162e+06
 -2.31884969e+05 -6.62011914e+03 -4.00987594e+05 -1.33959883e+04
 -3.97013472e+08 -3.54572480e+07 -1.05922988e+06 -3.75773906e+05
 -1.61743938e+05 -1.94830742e+04 -1.39829297e+05 -9.34574912e+08
 -7.82424316e+03 -2.43977375e+01 -6.76807562e+05 -2.49203438e+04
 -1.17847812e+04 -1.38339174e+09 -3.49465406e+05 -5.00433906e+05
 -2.01075844e+05 -4.99082880e+07 -7.66462912e+08 -3.55858156e+05
 -9.87896400e+07 -4.19517656e+05 -1.67493562e+06 -6.05663188e+05
 -9.74322812e+04 -4.01336806e+09 -4.73518387e+09 -7.43025101e+09
 -9.40875195e+03 -1.18360875e+06 -8.40319100e+06 -6.50859000e+05
 -3.30095078e+04 -1.27012992e+05 -1.16235088e+06 -2.26654188e+05
 -3.08434125e+05 -4.88829250e+05 -5.81651523e+04 -1.06849375e+06
 -1.03741965e+09 -8.48193600e+06 -6.78659844e+04 -2.51988145e+04]
Namespace(hidden_layer=100, learning_rate=30.0, optimizer='gradient', train_steps=30)
{'accuracy': 0.5555556, 'accuracy_baseline': 0.5555556, 'auc': 0.49999994, 'auc_precision_recall': 0.77777773, 'average_loss': 2027.8885, 'label/mean': 0.5555556, 'loss': 91254.984, 'prediction/mean': 1.0, 'global_step': 22}
[-3.64210562e+05 -1.79197953e+05 -1.50630140e+07 -1.13354112e+09
 -5.65167383e+03 -8.96545250e+05 -1.72568812e+05 -3.79017656e+04
 -1.42599072e+04 -1.36572844e+05 -2.04649125e+05 -1.59594982e+09
 -1.54734250e+05 -8.33883438e+05 -2.55486719e+05 -3.59177156e+05
 -2.15646125e+05 -4.53711312e+05 -2.44047053e+09 -3.84658406e+05
 -2.10682484e+05 -6.42803200e+09 -8.36889688e+05 -4.87453125e+05
 -2.28317625e+05 -2.31252480e+04 -4.81063906e+05 -1.16931760e+08
 -1.69182088e+06 -1.27832922e+09 -3.35620688e+05 -1.27436650e+06
 -2.04886172e+05 -1.62397811e+09 -7.38779875e+05 -8.31995469e+04
 -1.36264672e+05 -1.17795791e+04 -6.83031000e+05 -4.68318555e+03
 -1.57728047e+05 -3.09873770e+04 -7.12775936e+08 -6.21434258e+04
 -2.67322781e+05 -9.59610312e+05 -6.97514320e+07 -5.08064805e+04
 -2.24440844e+05 -3.24605625e+05 -7.59133835e+01 -1.00773162e+06
 -2.31884969e+05 -6.62011914e+03 -4.00987594e+05 -1.33959883e+04
 -3.97013472e+08 -3.54572480e+07 -1.05922988e+06 -3.75773906e+05
 -1.61743938e+05 -1.94830742e+04 -1.39829297e+05 -9.34574912e+08
 -7.82424316e+03 -2.43977375e+01 -6.76807562e+05 -2.49203438e+04
 -1.17847812e+04 -1.38339174e+09 -3.49465406e+05 -5.00433906e+05
 -2.01075844e+05 -4.99082880e+07 -7.66462912e+08 -3.55858156e+05
 -9.87896400e+07 -4.19517656e+05 -1.67493562e+06 -6.05663188e+05
 -9.74322812e+04 -4.01336806e+09 -4.73518387e+09 -7.43025101e+09
 -9.40875195e+03 -1.18360875e+06 -8.40319100e+06 -6.50859000e+05
 -3.30095078e+04 -1.27012992e+05 -1.16235088e+06 -2.26654188e+05
 -3.08434125e+05 -4.88829250e+05 -5.81651523e+04 -1.06849375e+06
 -1.03741965e+09 -8.48193600e+06 -6.78659844e+04 -2.51988145e+04]
Namespace(hidden_layer=100, learning_rate=30.0, optimizer='gradient', train_steps=30)
{'accuracy': 0.44444445, 'accuracy_baseline': 0.5555556, 'auc': 0.49999994, 'auc_precision_recall': 0.77777773, 'average_loss': 881.80615, 'label/mean': 0.5555556, 'loss': 39681.277, 'prediction/mean': 0.0, 'global_step': 23}
[-3.64210562e+05 -1.79197953e+05 -1.50630140e+07 -1.13354112e+09
 -5.65167383e+03 -8.96545250e+05 -1.72568812e+05 -3.79017656e+04
 -1.42599072e+04 -1.36572844e+05 -2.04649125e+05 -1.59594982e+09
 -1.54734250e+05 -8.33883438e+05 -2.55486719e+05 -3.59177156e+05
 -2.15646125e+05 -4.53711312e+05 -2.44047053e+09 -3.84658406e+05
 -2.10682484e+05 -6.42803200e+09 -8.36889688e+05 -4.87453125e+05
 -2.28317625e+05 -2.31252480e+04 -4.81063906e+05 -1.16931760e+08
 -1.69182088e+06 -1.27832922e+09 -3.35620688e+05 -1.27436650e+06
 -2.04886172e+05 -1.62397811e+09 -7.38779875e+05 -8.31995469e+04
 -1.36264672e+05 -1.17795791e+04 -6.83031000e+05 -4.68318555e+03
 -1.57728047e+05 -3.09873770e+04 -7.12775936e+08 -6.21434258e+04
 -2.67322781e+05 -9.59610312e+05 -6.97514320e+07 -5.08064805e+04
 -2.24440844e+05 -3.24605625e+05 -7.59133835e+01 -1.00773162e+06
 -2.31884969e+05 -6.62011914e+03 -4.00987594e+05 -1.33959883e+04
 -3.97013472e+08 -3.54572480e+07 -1.05922988e+06 -3.75773906e+05
 -1.61743938e+05 -1.94830742e+04 -1.39829297e+05 -9.34574912e+08
 -7.82424316e+03 -2.43977375e+01 -6.76807562e+05 -2.49203438e+04
 -1.17847812e+04 -1.38339174e+09 -3.49465406e+05 -5.00433906e+05
 -2.01075844e+05 -4.99082880e+07 -7.66462912e+08 -3.55858156e+05
 -9.87896400e+07 -4.19517656e+05 -1.67493562e+06 -6.05663188e+05
 -9.74322812e+04 -4.01336806e+09 -4.73518387e+09 -7.43025101e+09
 -9.40875195e+03 -1.18360875e+06 -8.40319100e+06 -6.50859000e+05
 -3.30095078e+04 -1.27012992e+05 -1.16235088e+06 -2.26654188e+05
 -3.08434125e+05 -4.88829250e+05 -5.81651523e+04 -1.06849375e+06
 -1.03741965e+09 -8.48193600e+06 -6.78659844e+04 -2.51988145e+04]
Namespace(hidden_layer=100, learning_rate=30.0, optimizer='gradient', train_steps=30)
{'accuracy': 0.5555556, 'accuracy_baseline': 0.5555556, 'auc': 0.49999994, 'auc_precision_recall': 0.77777773, 'average_loss': 1961.2219, 'label/mean': 0.5555556, 'loss': 88254.984, 'prediction/mean': 1.0, 'global_step': 24}
[-3.64210562e+05 -1.79197953e+05 -1.50630140e+07 -1.13354112e+09
 -5.65167383e+03 -8.96545250e+05 -1.72568812e+05 -3.79017656e+04
 -1.42599072e+04 -1.36572844e+05 -2.04649125e+05 -1.59594982e+09
 -1.54734250e+05 -8.33883438e+05 -2.55486719e+05 -3.59177156e+05
 -2.15646125e+05 -4.53711312e+05 -2.44047053e+09 -3.84658406e+05
 -2.10682484e+05 -6.42803200e+09 -8.36889688e+05 -4.87453125e+05
 -2.28317625e+05 -2.31252480e+04 -4.81063906e+05 -1.16931760e+08
 -1.69182088e+06 -1.27832922e+09 -3.35620688e+05 -1.27436650e+06
 -2.04886172e+05 -1.62397811e+09 -7.38779875e+05 -8.31995469e+04
 -1.36264672e+05 -1.17795791e+04 -6.83031000e+05 -4.68318555e+03
 -1.57728047e+05 -3.09873770e+04 -7.12775936e+08 -6.21434258e+04
 -2.67322781e+05 -9.59610312e+05 -6.97514320e+07 -5.08064805e+04
 -2.24440844e+05 -3.24605625e+05 -7.59133835e+01 -1.00773162e+06
 -2.31884969e+05 -6.62011914e+03 -4.00987594e+05 -1.33959883e+04
 -3.97013472e+08 -3.54572480e+07 -1.05922988e+06 -3.75773906e+05
 -1.61743938e+05 -1.94830742e+04 -1.39829297e+05 -9.34574912e+08
 -7.82424316e+03 -2.43977375e+01 -6.76807562e+05 -2.49203438e+04
 -1.17847812e+04 -1.38339174e+09 -3.49465406e+05 -5.00433906e+05
 -2.01075844e+05 -4.99082880e+07 -7.66462912e+08 -3.55858156e+05
 -9.87896400e+07 -4.19517656e+05 -1.67493562e+06 -6.05663188e+05
 -9.74322812e+04 -4.01336806e+09 -4.73518387e+09 -7.43025101e+09
 -9.40875195e+03 -1.18360875e+06 -8.40319100e+06 -6.50859000e+05
 -3.30095078e+04 -1.27012992e+05 -1.16235088e+06 -2.26654188e+05
 -3.08434125e+05 -4.88829250e+05 -5.81651523e+04 -1.06849375e+06
 -1.03741965e+09 -8.48193600e+06 -6.78659844e+04 -2.51988145e+04]
Namespace(hidden_layer=100, learning_rate=30.0, optimizer='gradient', train_steps=30)
{'accuracy': 0.44444445, 'accuracy_baseline': 0.5555556, 'auc': 0.49999994, 'auc_precision_recall': 0.77777773, 'average_loss': 965.1395, 'label/mean': 0.5555556, 'loss': 43431.277, 'prediction/mean': 0.0, 'global_step': 25}
[-3.64210562e+05 -1.79197953e+05 -1.50630140e+07 -1.13354112e+09
 -5.65167383e+03 -8.96545250e+05 -1.72568812e+05 -3.79017656e+04
 -1.42599072e+04 -1.36572844e+05 -2.04649125e+05 -1.59594982e+09
 -1.54734250e+05 -8.33883438e+05 -2.55486719e+05 -3.59177156e+05
 -2.15646125e+05 -4.53711312e+05 -2.44047053e+09 -3.84658406e+05
 -2.10682484e+05 -6.42803200e+09 -8.36889688e+05 -4.87453125e+05
 -2.28317625e+05 -2.31252480e+04 -4.81063906e+05 -1.16931760e+08
 -1.69182088e+06 -1.27832922e+09 -3.35620688e+05 -1.27436650e+06
 -2.04886172e+05 -1.62397811e+09 -7.38779875e+05 -8.31995469e+04
 -1.36264672e+05 -1.17795791e+04 -6.83031000e+05 -4.68318555e+03
 -1.57728047e+05 -3.09873770e+04 -7.12775936e+08 -6.21434258e+04
 -2.67322781e+05 -9.59610312e+05 -6.97514320e+07 -5.08064805e+04
 -2.24440844e+05 -3.24605625e+05 -7.59133835e+01 -1.00773162e+06
 -2.31884969e+05 -6.62011914e+03 -4.00987594e+05 -1.33959883e+04
 -3.97013472e+08 -3.54572480e+07 -1.05922988e+06 -3.75773906e+05
 -1.61743938e+05 -1.94830742e+04 -1.39829297e+05 -9.34574912e+08
 -7.82424316e+03 -2.43977375e+01 -6.76807562e+05 -2.49203438e+04
 -1.17847812e+04 -1.38339174e+09 -3.49465406e+05 -5.00433906e+05
 -2.01075844e+05 -4.99082880e+07 -7.66462912e+08 -3.55858156e+05
 -9.87896400e+07 -4.19517656e+05 -1.67493562e+06 -6.05663188e+05
 -9.74322812e+04 -4.01336806e+09 -4.73518387e+09 -7.43025101e+09
 -9.40875195e+03 -1.18360875e+06 -8.40319100e+06 -6.50859000e+05
 -3.30095078e+04 -1.27012992e+05 -1.16235088e+06 -2.26654188e+05
 -3.08434125e+05 -4.88829250e+05 -5.81651523e+04 -1.06849375e+06
 -1.03741965e+09 -8.48193600e+06 -6.78659844e+04 -2.51988145e+04]
Namespace(hidden_layer=100, learning_rate=30.0, optimizer='gradient', train_steps=30)
{'accuracy': 0.5555556, 'accuracy_baseline': 0.5555556, 'auc': 0.49999994, 'auc_precision_recall': 0.77777773, 'average_loss': 1894.5552, 'label/mean': 0.5555556, 'loss': 85254.984, 'prediction/mean': 1.0, 'global_step': 26}
[-3.64210562e+05 -1.79197953e+05 -1.50630140e+07 -1.13354112e+09
 -5.65167383e+03 -8.96545250e+05 -1.72568812e+05 -3.79017656e+04
 -1.42599072e+04 -1.36572844e+05 -2.04649125e+05 -1.59594982e+09
 -1.54734250e+05 -8.33883438e+05 -2.55486719e+05 -3.59177156e+05
 -2.15646125e+05 -4.53711312e+05 -2.44047053e+09 -3.84658406e+05
 -2.10682484e+05 -6.42803200e+09 -8.36889688e+05 -4.87453125e+05
 -2.28317625e+05 -2.31252480e+04 -4.81063906e+05 -1.16931760e+08
 -1.69182088e+06 -1.27832922e+09 -3.35620688e+05 -1.27436650e+06
 -2.04886172e+05 -1.62397811e+09 -7.38779875e+05 -8.31995469e+04
 -1.36264672e+05 -1.17795791e+04 -6.83031000e+05 -4.68318555e+03
 -1.57728047e+05 -3.09873770e+04 -7.12775936e+08 -6.21434258e+04
 -2.67322781e+05 -9.59610312e+05 -6.97514320e+07 -5.08064805e+04
 -2.24440844e+05 -3.24605625e+05 -7.59133835e+01 -1.00773162e+06
 -2.31884969e+05 -6.62011914e+03 -4.00987594e+05 -1.33959883e+04
 -3.97013472e+08 -3.54572480e+07 -1.05922988e+06 -3.75773906e+05
 -1.61743938e+05 -1.94830742e+04 -1.39829297e+05 -9.34574912e+08
 -7.82424316e+03 -2.43977375e+01 -6.76807562e+05 -2.49203438e+04
 -1.17847812e+04 -1.38339174e+09 -3.49465406e+05 -5.00433906e+05
 -2.01075844e+05 -4.99082880e+07 -7.66462912e+08 -3.55858156e+05
 -9.87896400e+07 -4.19517656e+05 -1.67493562e+06 -6.05663188e+05
 -9.74322812e+04 -4.01336806e+09 -4.73518387e+09 -7.43025101e+09
 -9.40875195e+03 -1.18360875e+06 -8.40319100e+06 -6.50859000e+05
 -3.30095078e+04 -1.27012992e+05 -1.16235088e+06 -2.26654188e+05
 -3.08434125e+05 -4.88829250e+05 -5.81651523e+04 -1.06849375e+06
 -1.03741965e+09 -8.48193600e+06 -6.78659844e+04 -2.51988145e+04]
Namespace(hidden_layer=100, learning_rate=30.0, optimizer='gradient', train_steps=30)
{'accuracy': 0.44444445, 'accuracy_baseline': 0.5555556, 'auc': 0.49999994, 'auc_precision_recall': 0.77777773, 'average_loss': 1048.4728, 'label/mean': 0.5555556, 'loss': 47181.277, 'prediction/mean': 0.0, 'global_step': 27}
[-3.64210562e+05 -1.79197953e+05 -1.50630140e+07 -1.13354112e+09
 -5.65167383e+03 -8.96545250e+05 -1.72568812e+05 -3.79017656e+04
 -1.42599072e+04 -1.36572844e+05 -2.04649125e+05 -1.59594982e+09
 -1.54734250e+05 -8.33883438e+05 -2.55486719e+05 -3.59177156e+05
 -2.15646125e+05 -4.53711312e+05 -2.44047053e+09 -3.84658406e+05
 -2.10682484e+05 -6.42803200e+09 -8.36889688e+05 -4.87453125e+05
 -2.28317625e+05 -2.31252480e+04 -4.81063906e+05 -1.16931760e+08
 -1.69182088e+06 -1.27832922e+09 -3.35620688e+05 -1.27436650e+06
 -2.04886172e+05 -1.62397811e+09 -7.38779875e+05 -8.31995469e+04
 -1.36264672e+05 -1.17795791e+04 -6.83031000e+05 -4.68318555e+03
 -1.57728047e+05 -3.09873770e+04 -7.12775936e+08 -6.21434258e+04
 -2.67322781e+05 -9.59610312e+05 -6.97514320e+07 -5.08064805e+04
 -2.24440844e+05 -3.24605625e+05 -7.59133835e+01 -1.00773162e+06
 -2.31884969e+05 -6.62011914e+03 -4.00987594e+05 -1.33959883e+04
 -3.97013472e+08 -3.54572480e+07 -1.05922988e+06 -3.75773906e+05
 -1.61743938e+05 -1.94830742e+04 -1.39829297e+05 -9.34574912e+08
 -7.82424316e+03 -2.43977375e+01 -6.76807562e+05 -2.49203438e+04
 -1.17847812e+04 -1.38339174e+09 -3.49465406e+05 -5.00433906e+05
 -2.01075844e+05 -4.99082880e+07 -7.66462912e+08 -3.55858156e+05
 -9.87896400e+07 -4.19517656e+05 -1.67493562e+06 -6.05663188e+05
 -9.74322812e+04 -4.01336806e+09 -4.73518387e+09 -7.43025101e+09
 -9.40875195e+03 -1.18360875e+06 -8.40319100e+06 -6.50859000e+05
 -3.30095078e+04 -1.27012992e+05 -1.16235088e+06 -2.26654188e+05
 -3.08434125e+05 -4.88829250e+05 -5.81651523e+04 -1.06849375e+06
 -1.03741965e+09 -8.48193600e+06 -6.78659844e+04 -2.51988145e+04]
Namespace(hidden_layer=100, learning_rate=30.0, optimizer='gradient', train_steps=30)
{'accuracy': 0.5555556, 'accuracy_baseline': 0.5555556, 'auc': 0.49999994, 'auc_precision_recall': 0.77777773, 'average_loss': 1827.8885, 'label/mean': 0.5555556, 'loss': 82254.984, 'prediction/mean': 1.0, 'global_step': 28}
[-3.64210562e+05 -1.79197953e+05 -1.50630140e+07 -1.13354112e+09
 -5.65167383e+03 -8.96545250e+05 -1.72568812e+05 -3.79017656e+04
 -1.42599072e+04 -1.36572844e+05 -2.04649125e+05 -1.59594982e+09
 -1.54734250e+05 -8.33883438e+05 -2.55486719e+05 -3.59177156e+05
 -2.15646125e+05 -4.53711312e+05 -2.44047053e+09 -3.84658406e+05
 -2.10682484e+05 -6.42803200e+09 -8.36889688e+05 -4.87453125e+05
 -2.28317625e+05 -2.31252480e+04 -4.81063906e+05 -1.16931760e+08
 -1.69182088e+06 -1.27832922e+09 -3.35620688e+05 -1.27436650e+06
 -2.04886172e+05 -1.62397811e+09 -7.38779875e+05 -8.31995469e+04
 -1.36264672e+05 -1.17795791e+04 -6.83031000e+05 -4.68318555e+03
 -1.57728047e+05 -3.09873770e+04 -7.12775936e+08 -6.21434258e+04
 -2.67322781e+05 -9.59610312e+05 -6.97514320e+07 -5.08064805e+04
 -2.24440844e+05 -3.24605625e+05 -7.59133835e+01 -1.00773162e+06
 -2.31884969e+05 -6.62011914e+03 -4.00987594e+05 -1.33959883e+04
 -3.97013472e+08 -3.54572480e+07 -1.05922988e+06 -3.75773906e+05
 -1.61743938e+05 -1.94830742e+04 -1.39829297e+05 -9.34574912e+08
 -7.82424316e+03 -2.43977375e+01 -6.76807562e+05 -2.49203438e+04
 -1.17847812e+04 -1.38339174e+09 -3.49465406e+05 -5.00433906e+05
 -2.01075844e+05 -4.99082880e+07 -7.66462912e+08 -3.55858156e+05
 -9.87896400e+07 -4.19517656e+05 -1.67493562e+06 -6.05663188e+05
 -9.74322812e+04 -4.01336806e+09 -4.73518387e+09 -7.43025101e+09
 -9.40875195e+03 -1.18360875e+06 -8.40319100e+06 -6.50859000e+05
 -3.30095078e+04 -1.27012992e+05 -1.16235088e+06 -2.26654188e+05
 -3.08434125e+05 -4.88829250e+05 -5.81651523e+04 -1.06849375e+06
 -1.03741965e+09 -8.48193600e+06 -6.78659844e+04 -2.51988145e+04]
Namespace(hidden_layer=100, learning_rate=30.0, optimizer='gradient', train_steps=30)
{'accuracy': 0.44444445, 'accuracy_baseline': 0.5555556, 'auc': 0.49999994, 'auc_precision_recall': 0.77777773, 'average_loss': 1131.8062, 'label/mean': 0.5555556, 'loss': 50931.277, 'prediction/mean': 0.0, 'global_step': 29}
[-3.64210562e+05 -1.79197953e+05 -1.50630140e+07 -1.13354112e+09
 -5.65167383e+03 -8.96545250e+05 -1.72568812e+05 -3.79017656e+04
 -1.42599072e+04 -1.36572844e+05 -2.04649125e+05 -1.59594982e+09
 -1.54734250e+05 -8.33883438e+05 -2.55486719e+05 -3.59177156e+05
 -2.15646125e+05 -4.53711312e+05 -2.44047053e+09 -3.84658406e+05
 -2.10682484e+05 -6.42803200e+09 -8.36889688e+05 -4.87453125e+05
 -2.28317625e+05 -2.31252480e+04 -4.81063906e+05 -1.16931760e+08
 -1.69182088e+06 -1.27832922e+09 -3.35620688e+05 -1.27436650e+06
 -2.04886172e+05 -1.62397811e+09 -7.38779875e+05 -8.31995469e+04
 -1.36264672e+05 -1.17795791e+04 -6.83031000e+05 -4.68318555e+03
 -1.57728047e+05 -3.09873770e+04 -7.12775936e+08 -6.21434258e+04
 -2.67322781e+05 -9.59610312e+05 -6.97514320e+07 -5.08064805e+04
 -2.24440844e+05 -3.24605625e+05 -7.59133835e+01 -1.00773162e+06
 -2.31884969e+05 -6.62011914e+03 -4.00987594e+05 -1.33959883e+04
 -3.97013472e+08 -3.54572480e+07 -1.05922988e+06 -3.75773906e+05
 -1.61743938e+05 -1.94830742e+04 -1.39829297e+05 -9.34574912e+08
 -7.82424316e+03 -2.43977375e+01 -6.76807562e+05 -2.49203438e+04
 -1.17847812e+04 -1.38339174e+09 -3.49465406e+05 -5.00433906e+05
 -2.01075844e+05 -4.99082880e+07 -7.66462912e+08 -3.55858156e+05
 -9.87896400e+07 -4.19517656e+05 -1.67493562e+06 -6.05663188e+05
 -9.74322812e+04 -4.01336806e+09 -4.73518387e+09 -7.43025101e+09
 -9.40875195e+03 -1.18360875e+06 -8.40319100e+06 -6.50859000e+05
 -3.30095078e+04 -1.27012992e+05 -1.16235088e+06 -2.26654188e+05
 -3.08434125e+05 -4.88829250e+05 -5.81651523e+04 -1.06849375e+06
 -1.03741965e+09 -8.48193600e+06 -6.78659844e+04 -2.51988145e+04]
Namespace(hidden_layer=100, learning_rate=30.0, optimizer='gradient', train_steps=30)
{'accuracy': 0.5555556, 'accuracy_baseline': 0.5555556, 'auc': 0.49999994, 'auc_precision_recall': 0.77777773, 'average_loss': 1761.2219, 'label/mean': 0.5555556, 'loss': 79254.984, 'prediction/mean': 1.0, 'global_step': 30}
